3,-80.562160540135,37.1806453226613,0
3,-80.562160540135,37.1811255627814,1.2382328067772e-09
3,-80.562160540135,37.1816058029015,2.31101126846209e-09
3,-80.562160540135,37.1820860430215,4.20420496797675e-09
3,-80.562160540135,37.1825662831416,7.45500193140396e-09
3,-80.562160540135,37.1830465232616,1.28852752676089e-08
3,-80.562160540135,37.1835267633817,2.17080944536778e-08
3,-80.562160540135,37.1840070035017,3.56477206272491e-08
3,-80.562160540135,37.1844872436218,5.70589650269355e-08
3,-80.562160540135,37.1849674837419,8.90221492984704e-08
3,-80.562160540135,37.1854477238619,1.35379941544443e-07
3,-80.562160540135,37.185927963982,2.0067470365823e-07
3,-80.562160540135,37.1864082041021,2.89943248004036e-07
3,-80.562160540135,37.1868884442221,4.08333893967597e-07
3,-80.562160540135,37.1873686843422,5.60531369136646e-07
3,-80.562160540135,37.1878489244622,7.50009000624974e-07
3,-80.562160540135,37.1883291645823,9.78171690505777e-07
3,-80.562160540135,37.1888094047023,1.24349993042392e-06
3,-80.562160540135,37.1892896448224,1.54084339916578e-06
3,-80.562160540135,37.1897698849425,1.86102968439527e-06
3,-80.562160540135,37.1902501250625,2.19093836298933e-06
3,-80.562160540135,37.1907303651826,2.514137816585e-06
3,-80.562160540135,37.1912106053027,2.81209548128438e-06
3,-80.562160540135,37.1916908454227,3.06586555228634e-06
3,-80.562160540135,37.1921710855428,3.25805349070552e-06
3,-80.562160540135,37.1926513256628,3.3747792956661e-06
3,-80.562160540135,37.1931315657829,3.40733318556251e-06
3,-80.562160540135,37.1936118059029,3.35324967644307e-06
3,-80.562160540135,37.194092046023,3.21661617062898e-06
3,-80.562160540135,37.1945722861431,3.00756243467231e-06
3,-80.562160540135,37.1950525262631,2.74101949128977e-06
3,-80.562160540135,37.1955327663832,2.4349590236168e-06
3,-80.562160540135,37.1960130065033,2.10840118557599e-06
3,-80.562160540135,37.1964932466233,1.77949555542207e-06
3,-80.562160540135,37.1969734867434,1.46393780001721e-06
3,-80.562160540135,37.1974537268634,1.1738981093266e-06
3,-80.562160540135,37.1979339669835,9.17529936093844e-07
3,-80.562160540135,37.1984142071035,6.99024091490582e-07
3,-80.562160540135,37.1988944472236,5.19094115753738e-07
3,-80.562160540135,37.1993746873437,3.75735413164097e-07
3,-80.562160540135,37.1998549274637,2.65094192782123e-07
3,-80.562160540135,37.2003351675838,1.82305747208753e-07
3,-80.562160540135,37.2008154077038,1.22203196861533e-07
3,-80.562160540135,37.2012956478239,7.98448364775128e-08
3,-80.562160540135,37.201775887944,5.08502585625887e-08
3,-80.562160540135,37.202256128064,3.1566145687367e-08
3,-80.562160540135,37.2027363681841,1.90999402598595e-08
3,-80.562160540135,37.2032166083041,1.12648268966648e-08
3,-80.562160540135,37.2036968484242,6.47588454350945e-09
3,-80.562160540135,37.2041770885443,3.62873900829682e-09
3,-80.562160540135,37.2046573286643,1.98195792532939e-09
3,-80.562160540135,37.2051375687844,0
3,-80.562160540135,37.2056178089044,0
3,-80.562160540135,37.2060980490245,0
3,-80.562160540135,37.2065782891446,0
3,-80.562160540135,37.2070585292646,0
3,-80.562160540135,37.2075387693847,0
3,-80.562160540135,37.2080190095048,0
3,-80.562160540135,37.2084992496248,0
3,-80.562160540135,37.2089794897449,0
3,-80.562160540135,37.2094597298649,0
3,-80.562160540135,37.209939969985,0
3,-80.562160540135,37.210420210105,0
3,-80.562160540135,37.2109004502251,0
3,-80.562160540135,37.2113806903452,0
3,-80.562160540135,37.2118609304652,0
3,-80.562160540135,37.2123411705853,0
3,-80.562160540135,37.2128214107054,0
3,-80.562160540135,37.2133016508254,0
3,-80.562160540135,37.2137818909455,0
3,-80.562160540135,37.2142621310655,0
3,-80.562160540135,37.2147423711856,0
3,-80.561680420105,37.1806453226613,0
3,-80.561680420105,37.1811255627814,1.8295777587221e-09
3,-80.561680420105,37.1816058029015,3.41468485877001e-09
3,-80.561680420105,37.1820860430215,6.22678788060304e-09
3,-80.561680420105,37.1825662831416,1.10426095699133e-08
3,-80.561680420105,37.1830465232616,1.90881253646735e-08
3,-80.561680420105,37.1835267633817,3.21616879662268e-08
3,-80.561680420105,37.1840070035017,5.28200083099464e-08
3,-80.561680420105,37.1844872436218,8.45555769227123e-08
3,-80.561680420105,37.1849674837419,1.31938122096817e-07
3,-80.561680420105,37.1854477238619,2.00670106654389e-07
3,-80.561680420105,37.185927963982,2.97494884737989e-07
3,-80.561680420105,37.1864082041021,4.29893483747533e-07
3,-80.561680420105,37.1868884442221,6.05517730647505e-07
3,-80.561680420105,37.1873686843422,8.31337973923838e-07
3,-80.561680420105,37.1878489244622,1.11253386084479e-06
3,-80.561680420105,37.1883291645823,1.45122195660183e-06
3,-80.561680420105,37.1888094047023,1.84518344531805e-06
3,-80.561680420105,37.1892896448224,2.28681216181894e-06
3,-80.561680420105,37.1897698849425,2.76252874201328e-06
3,-80.561680420105,37.1902501250625,3.25288436218008e-06
3,-80.561680420105,37.1907303651826,3.7334994922406e-06
3,-80.561680420105,37.1912106053027,4.17685474073488e-06
3,-80.561680420105,37.1916908454227,4.55479261833671e-06
3,-80.561680420105,37.1921710855428,4.84143347748328e-06
3,-80.561680420105,37.1926513256628,5.01609352068823e-06
3,-80.561680420105,37.1931315657829,5.06575000984449e-06
3,-80.561680420105,37.1936118059029,4.98664602413169e-06
3,-80.561680420105,37.194092046023,4.78476022207132e-06
3,-80.561680420105,37.1945722861431,4.47506006009262e-06
3,-80.561680420105,37.1950525262631,4.0796679663719e-06
3,-80.561680420105,37.1955327663832,3.62525238288584e-06
3,-80.561680420105,37.1960130065033,3.14007036213872e-06
3,-80.561680420105,37.1964932466233,2.65111430834161e-06
3,-80.561680420105,37.1969734867434,2.18175366382648e-06
3,-80.561680420105,37.1974537268634,1.75013446115825e-06
3,-80.561680420105,37.1979339669835,1.36844021083872e-06
3,-80.561680420105,37.1984142071035,1.04296377260201e-06
3,-80.561680420105,37.1988944472236,7.74821911077092e-07
3,-80.561680420105,37.1993746873437,5.61079159513101e-07
3,-80.561680420105,37.1998549274637,3.96037461744037e-07
3,-80.561680420105,37.2003351675838,2.72482497093767e-07
3,-80.561680420105,37.2008154077038,1.82739108850658e-07
3,-80.561680420105,37.2012956478239,1.19458015741931e-07
3,-80.561680420105,37.201775887944,7.6118524041071e-08
3,-80.561680420105,37.202256128064,4.72777793722723e-08
3,-80.561680420105,37.2027363681841,2.86230445140122e-08
3,-80.561680420105,37.2032166083041,1.68914541952108e-08
3,-80.561680420105,37.2036968484242,9.71652874796408e-09
3,-80.561680420105,37.2041770885443,5.44814392680441e-09
3,-80.561680420105,37.2046573286643,2.97769217590649e-09
3,-80.561680420105,37.2051375687844,2.73096600141412e-11
3,-80.561680420105,37.2056178089044,1.47735805302438e-11
3,-80.561680420105,37.2060980490245,0
3,-80.561680420105,37.2065782891446,0
3,-80.561680420105,37.2070585292646,0
3,-80.561680420105,37.2075387693847,0
3,-80.561680420105,37.2080190095048,0
3,-80.561680420105,37.2084992496248,0
3,-80.561680420105,37.2089794897449,0
3,-80.561680420105,37.2094597298649,0
3,-80.561680420105,37.209939969985,0
3,-80.561680420105,37.210420210105,0
3,-80.561680420105,37.2109004502251,0
3,-80.561680420105,37.2113806903452,0
3,-80.561680420105,37.2118609304652,0
3,-80.561680420105,37.2123411705853,0
3,-80.561680420105,37.2128214107054,0
3,-80.561680420105,37.2133016508254,0
3,-80.561680420105,37.2137818909455,0
3,-80.561680420105,37.2142621310655,0
3,-80.561680420105,37.2147423711856,0
3,-80.561200300075,37.1806453226613,0
3,-80.561200300075,37.1811255627814,2.63500533666648e-09
3,-80.561200300075,37.1816058029015,4.91791769057021e-09
3,-80.561200300075,37.1820860430215,8.97418910064759e-09
3,-80.561200300075,37.1825662831416,1.59153279251599e-08
3,-80.561200300075,37.1830465232616,2.75118895613707e-08
3,-80.561200300075,37.1835267633817,4.63564106771043e-08
3,-80.561200300075,37.1840070035017,7.6134910790939e-08
3,-80.561200300075,37.1844872436218,1.21882864809245e-07
3,-80.561200300075,37.1849674837419,1.90189416929941e-07
3,-80.561200300075,37.1854477238619,2.8927775764585e-07
3,-80.561200300075,37.185927963982,4.28873155762143e-07
3,-80.561200300075,37.1864082041021,6.19766274223279e-07
3,-80.561200300075,37.1868884442221,8.72996303859581e-07
3,-80.561200300075,37.1873686843422,1.19862242808038e-06
3,-80.561200300075,37.1878489244622,1.60412449234979e-06
3,-80.561200300075,37.1883291645823,2.09256793956778e-06
3,-80.561200300075,37.1888094047023,2.66076825257368e-06
3,-80.561200300075,37.1892896448224,3.29777243330782e-06
3,-80.561200300075,37.1897698849425,3.98401200820376e-06
3,-80.561200300075,37.1902501250625,4.69145003283111e-06
3,-80.561200300075,37.1907303651826,5.38493218959676e-06
3,-80.561200300075,37.1912106053027,6.02476710760843e-06
3,-80.561200300075,37.1916908454227,6.57033285364039e-06
3,-80.561200300075,37.1921710855428,6.9842821072994e-06
3,-80.561200300075,37.1926513256628,7.23675195139374e-06
3,-80.561200300075,37.1931315657829,7.30892223891624e-06
3,-80.561200300075,37.1936118059029,7.19533425699987e-06
3,-80.561200300075,37.194092046023,6.90457308913466e-06
3,-80.561200300075,37.1945722861431,6.45819525423833e-06
3,-80.561200300075,37.1950525262631,5.88808758266099e-06
3,-80.561200300075,37.1955327663832,5.23270655423e-06
3,-80.561200300075,37.1960130065033,4.53281317063644e-06
3,-80.561200300075,37.1964932466233,3.82735616808533e-06
3,-80.561200300075,37.1969734867434,3.15006760429645e-06
3,-80.561200300075,37.1974537268634,2.5271506528292e-06
3,-80.561200300075,37.1979339669835,1.97620955109679e-06
3,-80.561200300075,37.1984142071035,1.5063497249995e-06
3,-80.561200300075,37.1988944472236,1.1192058120369e-06
3,-80.561200300075,37.1993746873437,8.10561198098486e-07
3,-80.561200300075,37.1998549274637,5.72207796635532e-07
3,-80.561200300075,37.2003351675838,3.93744276904621e-07
3,-80.561200300075,37.2008154077038,2.64099568341053e-07
3,-80.561200300075,37.2012956478239,1.72669062319773e-07
3,-80.561200300075,37.201775887944,1.10041179877381e-07
3,-80.561200300075,37.202256128064,6.83581497936087e-08
3,-80.561200300075,37.2027363681841,4.13923628058527e-08
3,-80.561200300075,37.2032166083041,2.44312404451864e-08
3,-80.561200300075,37.2036968484242,1.40561616734112e-08
3,-80.561200300075,37.2041770885443,7.8828717583111e-09
3,-80.561200300075,37.2046573286643,4.30922587242175e-09
3,-80.561200300075,37.2051375687844,5.08073224175024e-11
3,-80.561200300075,37.2056178089044,2.74850023351576e-11
3,-80.561200300075,37.2060980490245,0
3,-80.561200300075,37.2065782891446,0
3,-80.561200300075,37.2070585292646,0
3,-80.561200300075,37.2075387693847,0
3,-80.561200300075,37.2080190095048,0
3,-80.561200300075,37.2084992496248,0
3,-80.561200300075,37.2089794897449,0
3,-80.561200300075,37.2094597298649,0
3,-80.561200300075,37.209939969985,0
3,-80.561200300075,37.210420210105,0
3,-80.561200300075,37.2109004502251,0
3,-80.561200300075,37.2113806903452,0
3,-80.561200300075,37.2118609304652,0
3,-80.561200300075,37.2123411705853,0
3,-80.561200300075,37.2128214107054,0
3,-80.561200300075,37.2133016508254,0
3,-80.561200300075,37.2137818909455,0
3,-80.561200300075,37.2142621310655,0
3,-80.561200300075,37.2147423711856,0
3,-80.560720180045,37.1806453226613,0
3,-80.560720180045,37.1811255627814,3.69908394769105e-09
3,-80.560720180045,37.1816058029015,6.90389128709255e-09
3,-80.560720180045,37.1820860430215,1.26444286898634e-08
3,-80.560720180045,37.1825662831416,2.24277453108456e-08
3,-80.560720180045,37.1830465232616,3.87756646094767e-08
3,-80.560720180045,37.1835267633817,6.53461994891893e-08
3,-80.560720180045,37.1840070035017,1.07341854800527e-07
3,-80.560720180045,37.1844872436218,1.71872253443685e-07
3,-80.560720180045,37.1849674837419,2.68244365891768e-07
3,-80.560720180045,37.1854477238619,4.08078643409432e-07
3,-80.560720180045,37.185927963982,6.05125999831593e-07
3,-80.560720180045,37.1864082041021,8.74654889337869e-07
3,-80.560720180045,37.1868884442221,1.23230129067512e-06
3,-80.560720180045,37.1873686843422,1.69233619279902e-06
3,-80.560720180045,37.1878489244622,2.26540712525823e-06
3,-80.560720180045,37.1883291645823,2.95594325019515e-06
3,-80.560720180045,37.1888094047023,3.75955528369113e-06
3,-80.560720180045,37.1892896448224,4.66087837495885e-06
3,-80.560720180045,37.1897698849425,5.63235926469963e-06
3,-80.560720180045,37.1902501250625,6.6344450183058e-06
3,-80.560720180045,37.1907303651826,7.61747303612e-06
3,-80.560720180045,37.1912106053027,8.52530153031882e-06
3,-80.560720180045,37.1916908454227,9.30039739494458e-06
3,-80.560720180045,37.1921710855428,9.88978052559816e-06
3,-80.560720180045,37.1926513256628,1.02509866312537e-05
3,-80.560720180045,37.1931315657829,1.0357120759125e-05
3,-80.560720180045,37.1936118059029,1.02001671027795e-05
3,-80.560720180045,37.194092046023,9.79198957323312e-06
3,-80.560720180045,37.1945722861431,9.16284973086562e-06
3,-80.560720180045,37.1950525262631,8.35769911195267e-06
3,-80.560720180045,37.1955327663832,7.43087658283655e-06
3,-80.560720180045,37.1960130065033,6.44007819648732e-06
3,-80.560720180045,37.1964932466233,5.44052313546602e-06
3,-80.560720180045,37.1969734867434,4.48011631136815e-06
3,-80.560720180045,37.1974537268634,3.5961494280999e-06
3,-80.560720180045,37.1979339669835,2.81375782360542e-06
3,-80.560720180045,37.1984142071035,2.14603603607546e-06
3,-80.560720180045,37.1988944472236,1.59547280582903e-06
3,-80.560720180045,37.1993746873437,1.15623131329253e-06
3,-80.560720180045,37.1998549274637,8.16777617243632e-07
3,-80.560720180045,37.2003351675838,5.6242886113947e-07
3,-80.560720180045,37.2008154077038,3.7751738993073e-07
3,-80.560720180045,37.2012956478239,2.4700905629301e-07
3,-80.560720180045,37.201775887944,1.57541993987426e-07
3,-80.560720180045,37.202256128064,9.79463777305093e-08
3,-80.560720180045,37.2027363681841,5.93594779884843e-08
3,-80.560720180045,37.2032166083041,3.50673163358347e-08
3,-80.560720180045,37.2036968484242,2.01942118117296e-08
3,-80.560720180045,37.2041770885443,1.13361190369734e-08
3,-80.560720180045,37.2046573286643,6.20320655743878e-09
3,-80.560720180045,37.2051375687844,1.56749240052428e-10
3,-80.560720180045,37.2056178089044,8.48300225312868e-11
3,-80.560720180045,37.2060980490245,0
3,-80.560720180045,37.2065782891446,0
3,-80.560720180045,37.2070585292646,0
3,-80.560720180045,37.2075387693847,0
3,-80.560720180045,37.2080190095048,0
3,-80.560720180045,37.2084992496248,0
3,-80.560720180045,37.2089794897449,0
3,-80.560720180045,37.2094597298649,0
3,-80.560720180045,37.209939969985,0
3,-80.560720180045,37.210420210105,0
3,-80.560720180045,37.2109004502251,0
3,-80.560720180045,37.2113806903452,0
3,-80.560720180045,37.2118609304652,0
3,-80.560720180045,37.2123411705853,0
3,-80.560720180045,37.2128214107054,0
3,-80.560720180045,37.2133016508254,0
3,-80.560720180045,37.2137818909455,0
3,-80.560720180045,37.2142621310655,0
3,-80.560720180045,37.2147423711856,0
3,-80.560240060015,37.1806453226613,0
3,-80.560240060015,37.1811255627814,5.06161300043821e-09
3,-80.560240060015,37.1816058029015,9.44688641472227e-09
3,-80.560240060015,37.1820860430215,1.73641474997224e-08
3,-80.560240060015,37.1825662831416,3.08228587108328e-08
3,-80.560240060015,37.1830465232616,5.33009896439809e-08
3,-80.560240060015,37.1835267633817,8.98440473701004e-08
3,-80.560240060015,37.1840070035017,1.47616686680486e-07
3,-80.560240060015,37.1844872436218,2.36414526500488e-07
3,-80.560240060015,37.1849674837419,3.69067577424132e-07
3,-80.560240060015,37.1854477238619,5.61605241426412e-07
3,-80.560240060015,37.185927963982,8.33010444398879e-07
3,-80.560240060015,37.1864082041021,1.20438215893677e-06
3,-80.560240060015,37.1868884442221,1.69735745854438e-06
3,-80.560240060015,37.1873686843422,2.33172876704782e-06
3,-80.560240060015,37.1878489244622,3.1223319813043e-06
3,-80.560240060015,37.1883291645823,4.07546428341241e-06
3,-80.560240060015,37.1888094047023,5.18528628104098e-06
3,-80.560240060015,37.1892896448224,6.43082535688085e-06
3,-80.560240060015,37.1897698849425,7.77427228928768e-06
3,-80.560240060015,37.1902501250625,9.16120481597245e-06
3,-80.560240060015,37.1907303651826,1.05231568183656e-05
3,-80.560240060015,37.1912106053027,1.17825942413998e-05
3,-80.560240060015,37.1916908454227,1.28599148578406e-05
3,-80.560240060015,37.1921710855428,1.36816493193562e-05
3,-80.560240060015,37.1926513256628,1.4188711026914e-05
3,-80.560240060015,37.1931315657829,1.43434141560373e-05
3,-80.560240060015,37.1936118059029,1.41341032220572e-05
3,-80.560240060015,37.194092046023,1.35766045190346e-05
3,-80.560240060015,37.1945722861431,1.27122484743752e-05
3,-80.560240060015,37.1950525262631,1.16028060007875e-05
3,-80.560240060015,37.1955327663832,1.03232000808966e-05
3,-80.560240060015,37.1960130065033,8.95318521559121e-06
3,-80.560240060015,37.1964932466233,7.56927021918318e-06
3,-80.560240060015,37.1969734867434,6.23799507275214e-06
3,-80.560240060015,37.1974537268634,5.01131887924391e-06
3,-80.560240060015,37.1979339669835,3.92442937081846e-06
3,-80.560240060015,37.1984142071035,2.99584953776188e-06
3,-80.560240060015,37.1988944472236,2.22937987066468e-06
3,-80.560240060015,37.1993746873437,1.61722486522752e-06
3,-80.560240060015,37.1998549274637,1.14361732689276e-06
3,-80.560240060015,37.2003351675838,7.88345909048923e-07
3,-80.560240060015,37.2008154077038,5.29761688319521e-07
3,-80.560240060015,37.2012956478239,3.47035456410838e-07
3,-80.560240060015,37.201775887944,2.21614784498418e-07
3,-80.560240060015,37.202256128064,1.37961299034318e-07
3,-80.560240060015,37.2027363681841,8.37243231297847e-08
3,-80.560240060015,37.2032166083041,4.95317966377445e-08
3,-80.560240060015,37.2036968484242,2.85664915573573e-08
3,-80.560240060015,37.2041770885443,1.60609977687988e-08
3,-80.560240060015,37.2046573286643,8.80305511755114e-09
3,-80.560240060015,37.2051375687844,3.90505689853926e-10
3,-80.560240060015,37.2056178089044,2.11969942557115e-10
3,-80.560240060015,37.2060980490245,2.24184316205198e-11
3,-80.560240060015,37.2065782891446,0
3,-80.560240060015,37.2070585292646,0
3,-80.560240060015,37.2075387693847,0
3,-80.560240060015,37.2080190095048,0
3,-80.560240060015,37.2084992496248,0
3,-80.560240060015,37.2089794897449,0
3,-80.560240060015,37.2094597298649,0
3,-80.560240060015,37.209939969985,0
3,-80.560240060015,37.210420210105,0
3,-80.560240060015,37.2109004502251,0
3,-80.560240060015,37.2113806903452,0
3,-80.560240060015,37.2118609304652,0
3,-80.560240060015,37.2123411705853,0
3,-80.560240060015,37.2128214107054,0
3,-80.560240060015,37.2133016508254,0
3,-80.560240060015,37.2137818909455,0
3,-80.560240060015,37.2142621310655,0
3,-80.560240060015,37.2147423711856,0
3,-80.559759939985,37.1806453226613,0
3,-80.559759939985,37.1811255627814,6.75096330998034e-09
3,-80.559759939985,37.1816058029015,1.26234404059124e-08
3,-80.559759939985,37.1820860430215,2.32815585338632e-08
3,-80.559759939985,37.1825662831416,4.1344502840247e-08
3,-80.559759939985,37.1830465232616,7.1511150234457e-08
3,-80.559759939985,37.1835267633817,1.20566082343533e-07
3,-80.559759939985,37.1840070035017,1.98140161728342e-07
3,-80.559759939985,37.1844872436218,3.17406972566394e-07
3,-80.559759939985,37.1849674837419,4.95630052630983e-07
3,-80.559759939985,37.1854477238619,7.54391318965202e-07
3,-80.559759939985,37.185927963982,1.11926855589338e-06
3,-80.559759939985,37.1864082041021,1.61871806841639e-06
3,-80.559759939985,37.1868884442221,2.28196073139251e-06
3,-80.559759939985,37.1873686843422,3.13578257651754e-06
3,-80.559759939985,37.1878489244622,4.20034882590773e-06
3,-80.559759939985,37.1883291645823,5.48437655725865e-06
3,-80.559759939985,37.1888094047023,6.98027529774976e-06
3,-80.559759939985,37.1892896448224,8.66008470697814e-06
3,-80.559759939985,37.1897698849425,1.04731420971658e-05
3,-80.559759939985,37.1902501250625,1.23463369038238e-05
3,-80.559759939985,37.1907303651826,1.41875227140271e-05
3,-80.559759939985,37.1912106053027,1.58921781442021e-05
3,-80.559759939985,37.1916908454227,1.73528104860432e-05
3,-80.559759939985,37.1921710855428,1.84700023102504e-05
3,-80.559759939985,37.1926513256628,1.91635530727679e-05
3,-80.559759939985,37.1931315657829,1.93819896570763e-05
3,-80.559759939985,37.1936118059029,1.9108880938628e-05
3,-80.559759939985,37.194092046023,1.83648807410083e-05
3,-80.559759939985,37.1945722861431,1.72051464905357e-05
3,-80.559759939985,37.1950525262631,1.57125814584729e-05
3,-80.559759939985,37.1955327663832,1.39880499772647e-05
3,-80.559759939985,37.1960130065033,1.21391672683235e-05
3,-80.559759939985,37.1964932466233,1.02693838737465e-05
3,-80.559759939985,37.1969734867434,8.46886876410499e-06
3,-80.559759939985,37.1974537268634,6.80822275508228e-06
3,-80.559759939985,37.1979339669835,5.33545345436622e-06
3,-80.559759939985,37.1984142071035,4.07605556600494e-06
3,-80.559759939985,37.1988944472236,3.03558268355418e-06
3,-80.559759939985,37.1993746873437,2.2038363999833e-06
3,-80.559759939985,37.1998549274637,1.55974689931944e-06
3,-80.559759939985,37.2003351675838,1.07613972048305e-06
3,-80.559759939985,37.2008154077038,7.23811169863402e-07
3,-80.559759939985,37.2012956478239,4.74598550072174e-07
3,-80.559759939985,37.201775887944,3.03371333872897e-07
3,-80.559759939985,37.202256128064,1.89048078572161e-07
3,-80.559759939985,37.2027363681841,1.14847688021354e-07
3,-80.559759939985,37.2032166083041,6.80185336550018e-08
3,-80.559759939985,37.2036968484242,3.92726435795819e-08
3,-80.559759939985,37.2041770885443,2.210618507336e-08
3,-80.559759939985,37.2046573286643,1.21311307077301e-08
3,-80.559759939985,37.2051375687844,7.37372784427076e-10
3,-80.559759939985,37.2056178089044,3.88284515575893e-10
3,-80.559759939985,37.2060980490245,4.17076039338712e-11
3,-80.559759939985,37.2065782891446,0
3,-80.559759939985,37.2070585292646,0
3,-80.559759939985,37.2075387693847,0
3,-80.559759939985,37.2080190095048,0
3,-80.559759939985,37.2084992496248,0
3,-80.559759939985,37.2089794897449,0
3,-80.559759939985,37.2094597298649,0
3,-80.559759939985,37.209939969985,0
3,-80.559759939985,37.210420210105,0
3,-80.559759939985,37.2109004502251,0
3,-80.559759939985,37.2113806903452,0
3,-80.559759939985,37.2118609304652,0
3,-80.559759939985,37.2123411705853,0
3,-80.559759939985,37.2128214107054,0
3,-80.559759939985,37.2133016508254,0
3,-80.559759939985,37.2137818909455,0
3,-80.559759939985,37.2142621310655,0
3,-80.559759939985,37.2147423711856,0
3,-80.559279819955,37.1806453226613,0
3,-80.559279819955,37.1811255627814,8.77656593262775e-09
3,-80.559279819955,37.1816058029015,1.64241735264171e-08
3,-80.559279819955,37.1820860430215,3.04265466270002e-08
3,-80.559279819955,37.1825662831416,5.4076623374553e-08
3,-80.559279819955,37.1830465232616,9.35570368831667e-08
3,-80.559279819955,37.1835267633817,1.57776948273607e-07
3,-80.559279819955,37.1840070035017,2.5936515937226e-07
3,-80.559279819955,37.1844872436218,4.15605741907257e-07
3,-80.559279819955,37.1849674837419,6.49163539433128e-07
3,-80.559279819955,37.1854477238619,9.88394399213235e-07
3,-80.559279819955,37.185927963982,1.46693524747618e-06
3,-80.559279819955,37.1864082041021,2.12225272395443e-06
3,-80.559279819955,37.1868884442221,2.9928831434304e-06
3,-80.559279819955,37.1873686843422,4.11424344259173e-06
3,-80.559279819955,37.1878489244622,5.51313821598639e-06
3,-80.559279819955,37.1883291645823,7.20141096686116e-06
3,-80.559279819955,37.1888094047023,9.16953537203424e-06
3,-80.559279819955,37.1892896448224,1.13812334672362e-05
3,-80.559279819955,37.1897698849425,1.37703475658086e-05
3,-80.559279819955,37.1902501250625,1.62410982215238e-05
3,-80.559279819955,37.1907303651826,1.8672489037073e-05
3,-80.559279819955,37.1912106053027,2.09269929713548e-05
3,-80.559279819955,37.1916908454227,2.28628708634147e-05
3,-80.559279819955,37.1921710855428,2.43486901565346e-05
3,-80.559279819955,37.1926513256628,2.52780166989869e-05
3,-80.559279819955,37.1931315657829,2.55820095133122e-05
3,-80.559279819955,37.1936118059029,2.52378504333889e-05
3,-80.559279819955,37.194092046023,2.42715752678732e-05
3,-80.559279819955,37.1945722861431,2.27548187230254e-05
3,-80.559279819955,37.1950525262631,2.07960380582769e-05
3,-80.559279819955,37.1955327663832,1.85277081605439e-05
3,-80.559279819955,37.1960130065033,1.60915847513592e-05
3,-80.559279819955,37.1964932466233,1.36242992016264e-05
3,-80.559279819955,37.1969734867434,1.12452747442874e-05
3,-80.559279819955,37.1974537268634,9.04833967130671e-06
3,-80.559279819955,37.1979339669835,7.09762607224028e-06
3,-80.559279819955,37.1984142071035,5.42756813471767e-06
3,-80.559279819955,37.1988944472236,4.04620648291231e-06
3,-80.559279819955,37.1993746873437,2.94065527635954e-06
3,-80.559279819955,37.1998549274637,2.08351353829818e-06
3,-80.559279819955,37.2003351675838,1.43915503220333e-06
3,-80.559279819955,37.2008154077038,9.69127411483864e-07
3,-80.559279819955,37.2012956478239,6.36237568212342e-07
3,-80.559279819955,37.201775887944,4.07217150233693e-07
3,-80.559279819955,37.202256128064,2.54099848937947e-07
3,-80.559279819955,37.2027363681841,1.54581571665238e-07
3,-80.559279819955,37.2032166083041,9.16831354369105e-08
3,-80.559279819955,37.2036968484242,5.30155383792665e-08
3,-80.559279819955,37.2041770885443,2.98883898593843e-08
3,-80.559279819955,37.2046573286643,1.64282468809875e-08
3,-80.559279819955,37.2051375687844,1.32496330996714e-09
3,-80.559279819955,37.2056178089044,6.97473176617777e-10
3,-80.559279819955,37.2060980490245,8.63945068093401e-11
3,-80.559279819955,37.2065782891446,0
3,-80.559279819955,37.2070585292646,0
3,-80.559279819955,37.2075387693847,0
3,-80.559279819955,37.2080190095048,0
3,-80.559279819955,37.2084992496248,0
3,-80.559279819955,37.2089794897449,0
3,-80.559279819955,37.2094597298649,0
3,-80.559279819955,37.209939969985,0
3,-80.559279819955,37.210420210105,0
3,-80.559279819955,37.2109004502251,0
3,-80.559279819955,37.2113806903452,0
3,-80.559279819955,37.2118609304652,0
3,-80.559279819955,37.2123411705853,0
3,-80.559279819955,37.2128214107054,0
3,-80.559279819955,37.2133016508254,0
3,-80.559279819955,37.2137818909455,0
3,-80.559279819955,37.2142621310655,0
3,-80.559279819955,37.2147423711856,0
3,-80.558799699925,37.1806453226613,0
3,-80.558799699925,37.1811255627814,1.11215560022318e-08
3,-80.558799699925,37.1816058029015,2.08362379097324e-08
3,-80.558799699925,37.1820860430215,3.88284244623719e-08
3,-80.558799699925,37.1825662831416,6.91689167636779e-08
3,-80.558799699925,37.1830465232616,1.1973602514072e-07
3,-80.558799699925,37.1835267633817,2.02018238161368e-07
3,-80.558799699925,37.1840070035017,3.32251591944217e-07
3,-80.558799699925,37.1844872436218,5.32666810029337e-07
3,-80.558799699925,37.1849674837419,8.32449059843051e-07
3,-80.558799699925,37.1854477238619,1.26816164103062e-06
3,-80.558799699925,37.185927963982,1.88325007177242e-06
3,-80.558799699925,37.1864082041021,2.72621056229184e-06
3,-80.558799699925,37.1868884442221,3.84707350700701e-06
3,-80.558799699925,37.1873686843422,5.29203850724943e-06
3,-80.558799699925,37.1878489244622,7.0964107626922e-06
3,-80.558799699925,37.1883291645823,9.27640356450982e-06
3,-80.558799699925,37.1888094047023,1.1820821102442e-05
3,-80.558799699925,37.1892896448224,1.46840160728759e-05
3,-80.558799699925,37.1897698849425,1.77817057588601e-05
3,-80.558799699925,37.1902501250625,2.09911200181886e-05
3,-80.558799699925,37.1907303651826,2.41564877336691e-05
3,-80.558799699925,37.1912106053027,2.71000703677108e-05
3,-80.558799699925,37.1916908454227,2.9637943839809e-05
3,-80.558799699925,37.1921710855428,3.1598715565966e-05
3,-80.558799699925,37.1926513256628,3.28425820294522e-05
3,-80.558799699925,37.1931315657829,3.32777977869306e-05
3,-80.558799699925,37.1936118059029,3.28718634395939e-05
3,-80.558799699925,37.194092046023,3.16555377468898e-05
3,-80.558799699925,37.1945722861431,2.97189860324166e-05
3,-80.558799699925,37.1950525262631,2.72007344113635e-05
3,-80.558799699925,37.1955327663832,2.42713083630073e-05
3,-80.558799699925,37.1960130065033,2.11142358463478e-05
3,-80.558799699925,37.1964932466233,1.79073376252614e-05
3,-80.558799699925,37.1969734867434,1.48069001069578e-05
3,-80.558799699925,37.1974537268634,1.19365518823663e-05
3,-80.558799699925,37.1979339669835,9.38165705421093e-06
3,-80.558799699925,37.1984142071035,7.18903490187337e-06
3,-80.558799699925,37.1988944472236,5.37101814229181e-06
3,-80.558799699925,37.1993746873437,3.91239240318339e-06
3,-80.558799699925,37.1998549274637,2.77864386052056e-06
3,-80.558799699925,37.2003351675838,1.92412441867158e-06
3,-80.558799699925,37.2008154077038,1.29911756194782e-06
3,-80.558799699925,37.2012956478239,8.55232523762239e-07
3,-80.558799699925,37.201775887944,5.48966683538192e-07
3,-80.558799699925,37.202256128064,3.43589215553704e-07
3,-80.558799699925,37.2027363681841,2.09686611256977e-07
3,-80.558799699925,37.2032166083041,1.24780165354206e-07
3,-80.558799699925,37.2036968484242,7.24052862666977e-08
3,-80.558799699925,37.2041770885443,4.09686054597914e-08
3,-80.558799699925,37.2046573286643,2.26044912169177e-08
3,-80.558799699925,37.2051375687844,2.68490598448451e-09
3,-80.558799699925,37.2056178089044,1.42446183915388e-09
3,-80.558799699925,37.2060980490245,2.80738000441473e-10
3,-80.558799699925,37.2065782891446,1.07665110325379e-11
3,-80.558799699925,37.2070585292646,0
3,-80.558799699925,37.2075387693847,0
3,-80.558799699925,37.2080190095048,0
3,-80.558799699925,37.2084992496248,0
3,-80.558799699925,37.2089794897449,0
3,-80.558799699925,37.2094597298649,0
3,-80.558799699925,37.209939969985,0
3,-80.558799699925,37.210420210105,0
3,-80.558799699925,37.2109004502251,0
3,-80.558799699925,37.2113806903452,0
3,-80.558799699925,37.2118609304652,0
3,-80.558799699925,37.2123411705853,0
3,-80.558799699925,37.2128214107054,0
3,-80.558799699925,37.2133016508254,0
3,-80.558799699925,37.2137818909455,0
3,-80.558799699925,37.2142621310655,0
3,-80.558799699925,37.2147423711856,0
3,-80.558319579895,37.1806453226613,0
3,-80.558319579895,37.1811255627814,1.37368940187474e-08
3,-80.558319579895,37.1816058029015,2.57779208917103e-08
3,-80.558319579895,37.1820860430215,4.84131295425291e-08
3,-80.558319579895,37.1825662831416,8.64204794230927e-08
3,-80.558319579895,37.1830465232616,1.49683710561655e-07
3,-80.558319579895,37.1835267633817,2.52676848895286e-07
3,-80.558319579895,37.1840070035017,4.15792972548839e-07
3,-80.558319579895,37.1844872436218,6.66977819117983e-07
3,-80.558319579895,37.1849674837419,1.04296574334089e-06
3,-80.558319579895,37.1854477238619,1.5898459269755e-06
3,-80.558319579895,37.185927963982,2.36248139308686e-06
3,-80.558319579895,37.1864082041021,3.42225392124752e-06
3,-80.558319579895,37.1868884442221,4.83268782793664e-06
3,-80.558319579895,37.1873686843422,6.65273517075843e-06
3,-80.558319579895,37.1878489244622,8.92789575461044e-06
3,-80.558319579895,37.1883291645823,1.16798663315e-05
3,-80.558319579895,37.1888094047023,1.48959818289394e-05
3,-80.558319579895,37.1892896448224,1.85201976830369e-05
3,-80.558319579895,37.1897698849425,2.24476128378365e-05
3,-80.558319579895,37.1902501250625,2.65244096473975e-05
3,-80.558319579895,37.1907303651826,3.05545144629545e-05
3,-80.558319579895,37.1912106053027,3.43132890409548e-05
3,-80.558319579895,37.1916908454227,3.75672968011073e-05
3,-80.558319579895,37.1921710855428,4.00979016158546e-05
3,-80.558319579895,37.1926513256628,4.17254521351578e-05
3,-80.558319579895,37.1931315657829,4.23303544349312e-05
3,-80.558319579895,37.1936118059029,4.18676024224837e-05
3,-80.558319579895,37.194092046023,4.03723139159231e-05
3,-80.558319579895,37.1945722861431,3.79553266513336e-05
3,-80.558319579895,37.1950525262631,3.47896208815873e-05
3,-80.558319579895,37.1955327663832,3.10898774878996e-05
3,-80.558319579895,37.1960130065033,2.7088522173011e-05
3,-80.558319579895,37.1964932466233,2.30119484422326e-05
3,-80.558319579895,37.1969734867434,1.90602326276996e-05
3,-80.558319579895,37.1974537268634,1.5392700856571e-05
3,-80.558319579895,37.1979339669835,1.21204445538135e-05
3,-80.558319579895,37.1984142071035,9.30560836762032e-06
3,-80.558319579895,37.1988944472236,6.9662501136203e-06
3,-80.558319579895,37.1993746873437,5.08495536554875e-06
3,-80.558319579895,37.1998549274637,3.61921918022234e-06
3,-80.558319579895,37.2003351675838,2.51181872764118e-06
3,-80.558319579895,37.2008154077038,1.69986144776543e-06
3,-80.558319579895,37.2012956478239,1.12175201980676e-06
3,-80.558319579895,37.201775887944,7.21846263499072e-07
3,-80.558319579895,37.202256128064,4.5296392138393e-07
3,-80.558319579895,37.2027363681841,2.7717891878597e-07
3,-80.558319579895,37.2032166083041,1.65402170629653e-07
3,-80.558319579895,37.2036968484242,9.62528200791879e-08
3,-80.558319579895,37.2041770885443,5.46240467553684e-08
3,-80.558319579895,37.2046573286643,3.02314788519369e-08
3,-80.558319579895,37.2051375687844,4.61144358778643e-09
3,-80.558319579895,37.2056178089044,2.4467874185982e-09
3,-80.558319579895,37.2060980490245,5.18157141977777e-10
3,-80.558319579895,37.2065782891446,2.00943862753699e-11
3,-80.558319579895,37.2070585292646,0
3,-80.558319579895,37.2075387693847,0
3,-80.558319579895,37.2080190095048,0
3,-80.558319579895,37.2084992496248,0
3,-80.558319579895,37.2089794897449,0
3,-80.558319579895,37.2094597298649,0
3,-80.558319579895,37.209939969985,0
3,-80.558319579895,37.210420210105,0
3,-80.558319579895,37.2109004502251,0
3,-80.558319579895,37.2113806903452,0
3,-80.558319579895,37.2118609304652,0
3,-80.558319579895,37.2123411705853,0
3,-80.558319579895,37.2128214107054,0
3,-80.558319579895,37.2133016508254,0
3,-80.558319579895,37.2137818909455,0
3,-80.558319579895,37.2142621310655,0
3,-80.558319579895,37.2147423711856,0
3,-80.557839459865,37.1806453226613,0
3,-80.557839459865,37.1811255627814,1.65384042596751e-08
3,-80.557839459865,37.1816058029015,3.11070219818771e-08
3,-80.557839459865,37.1820860430215,5.90248620050863e-08
3,-80.557839459865,37.1825662831416,1.05649320188566e-07
3,-80.557839459865,37.1830465232616,1.83138488069008e-07
3,-80.557839459865,37.1835267633817,3.09363357805866e-07
3,-80.557839459865,37.1840070035017,5.09438742476477e-07
3,-80.557839459865,37.1844872436218,8.17807803983082e-07
3,-80.557839459865,37.1849674837419,1.27982076472334e-06
3,-80.557839459865,37.1854477238619,1.95248729393972e-06
3,-80.557839459865,37.185927963982,2.90382936726627e-06
3,-80.557839459865,37.1864082041021,4.21017884606185e-06
3,-80.557839459865,37.1868884442221,5.95085611889693e-06
3,-80.557839459865,37.1873686843422,8.1999424907163e-06
3,-80.557839459865,37.1878489244622,1.10153356772444e-05
3,-80.557839459865,37.1883291645823,1.44259189487053e-05
3,-80.557839459865,37.1888094047023,1.84183805094781e-05
3,-80.557839459865,37.1892896448224,2.29258322140181e-05
3,-80.557839459865,37.1897698849425,2.78207059468514e-05
3,-80.557839459865,37.1902501250625,3.29142787738948e-05
3,-80.557839459865,37.1907303651826,3.79644960202414e-05
3,-80.557839459865,37.1912106053027,4.26925522554642e-05
3,-80.557839459865,37.1916908454227,4.68071305135136e-05
3,-80.557839459865,37.1921710855428,5.00335968150518e-05
3,-80.557839459865,37.1926513256628,5.21441728203329e-05
3,-80.557839459865,37.1931315657829,5.29845062781775e-05
3,-80.557839459865,37.1936118059029,5.24923373560538e-05
3,-80.557839459865,37.194092046023,5.07051251481579e-05
3,-80.557839459865,37.1945722861431,4.77553368772687e-05
3,-80.557839459865,37.1950525262631,4.38542220850786e-05
3,-80.557839459865,37.1955327663832,3.92668309083737e-05
3,-80.557839459865,37.1960130065033,3.42823741713506e-05
3,-80.557839459865,37.1964932466233,2.91845054756611e-05
3,-80.557839459865,37.1969734867434,2.42256903401386e-05
3,-80.557839459865,37.1974537268634,1.96086852131385e-05
3,-80.557839459865,37.1979339669835,1.5476599289624e-05
3,-80.557839459865,37.1984142071035,1.19114258877998e-05
3,-80.557839459865,37.1988944472236,8.93963223167204e-06
3,-80.557839459865,37.1993746873437,6.54259289367236e-06
3,-80.557839459865,37.1998549274637,4.6694020026404e-06
3,-80.557839459865,37.2003351675838,3.24982998137777e-06
3,-80.557839459865,37.2008154077038,2.20574349438513e-06
3,-80.557839459865,37.2012956478239,1.4599952082682e-06
3,-80.557839459865,37.201775887944,9.42447246331961e-07
3,-80.557839459865,37.202256128064,5.933064379093e-07
3,-80.557839459865,37.2027363681841,3.64271085867424e-07
3,-80.557839459865,37.2032166083041,2.18122883170345e-07
3,-80.557839459865,37.2036968484242,1.27384303304802e-07
3,-80.557839459865,37.2041770885443,7.2556448165576e-08
3,-80.557839459865,37.2046573286643,4.03077676711386e-08
3,-80.557839459865,37.2051375687844,7.74733629348474e-09
3,-80.557839459865,37.2056178089044,4.11284305508713e-09
3,-80.557839459865,37.2060980490245,9.33489370361912e-10
3,-80.557839459865,37.2065782891446,5.13116857479631e-11
3,-80.557839459865,37.2070585292646,0
3,-80.557839459865,37.2075387693847,0
3,-80.557839459865,37.2080190095048,0
3,-80.557839459865,37.2084992496248,0
3,-80.557839459865,37.2089794897449,0
3,-80.557839459865,37.2094597298649,0
3,-80.557839459865,37.209939969985,0
3,-80.557839459865,37.210420210105,0
3,-80.557839459865,37.2109004502251,0
3,-80.557839459865,37.2113806903452,0
3,-80.557839459865,37.2118609304652,0
3,-80.557839459865,37.2123411705853,0
3,-80.557839459865,37.2128214107054,0
3,-80.557839459865,37.2133016508254,0
3,-80.557839459865,37.2137818909455,0
3,-80.557839459865,37.2142621310655,0
3,-80.557839459865,37.2147423711856,0
3,-80.557359339835,37.1806453226613,0
3,-80.557359339835,37.1811255627814,1.9407997187586e-08
3,-80.557359339835,37.1816058029015,3.66249691684641e-08
3,-80.557359339835,37.1820860430215,7.04386994277113e-08
3,-80.557359339835,37.1825662831416,1.26557370794184e-07
3,-80.557359339835,37.1830465232616,2.19644850673013e-07
3,-80.557359339835,37.1835267633817,3.71392336976202e-07
3,-80.557359339835,37.1840070035017,6.12190220629105e-07
3,-80.557359339835,37.1844872436218,9.83749487502725e-07
3,-80.557359339835,37.1849674837419,1.54113415944333e-06
3,-80.557359339835,37.1854477238619,2.35373485982238e-06
3,-80.557359339835,37.185927963982,3.50460686686737e-06
3,-80.557359339835,37.1864082041021,5.08732411439133e-06
3,-80.557359339835,37.1868884442221,7.19965434899768e-06
3,-80.557359339835,37.1873686843422,9.93367594927094e-06
3,-80.557359339835,37.1878489244622,1.33625258132637e-05
3,-80.557359339835,37.1883291645823,1.75247423715489e-05
3,-80.557359339835,37.1888094047023,2.24080313707555e-05
3,-80.557359339835,37.1892896448224,2.79350451446982e-05
3,-80.557359339835,37.1897698849425,3.39541981625008e-05
3,-80.557359339835,37.1902501250625,4.02384282475447e-05
3,-80.557359339835,37.1907303651826,4.64940261755446e-05
3,-80.557359339835,37.1912106053027,5.23802183953266e-05
3,-80.557359339835,37.1916908454227,5.75383015266244e-05
3,-80.557359339835,37.1921710855428,6.16271578846667e-05
3,-80.557359339835,37.1926513256628,6.43603802479665e-05
3,-80.557359339835,37.1931315657829,6.55394247974374e-05
3,-80.557359339835,37.1936118059029,6.50774651915657e-05
3,-80.557359339835,37.194092046023,6.30099659151776e-05
3,-80.557359339835,37.1945722861431,5.94901863318233e-05
3,-80.557359339835,37.1950525262631,5.47704061392699e-05
3,-80.557359339835,37.1955327663832,4.91720650135371e-05
3,-80.557359339835,37.1960130065033,4.30497190641001e-05
3,-80.557359339835,37.1964932466233,3.67544011617713e-05
3,-80.557359339835,37.1969734867434,3.06015577989506e-05
3,-80.557359339835,37.1974537268634,2.48474089379446e-05
3,-80.557359339835,37.1979339669835,1.96757156926656e-05
3,-80.557359339835,37.1984142071035,1.51949940583985e-05
3,-80.557359339835,37.1988944472236,1.14445847679608e-05
3,-80.557359339835,37.1993746873437,8.40694561388021e-06
3,-80.557359339835,37.1998549274637,6.02316205740153e-06
3,-80.557359339835,37.2003351675838,4.20890022589711e-06
3,-80.557359339835,37.2008154077038,2.86866861839935e-06
3,-80.557359339835,37.2012956478239,1.90708451300247e-06
3,-80.557359339835,37.201775887944,1.23665248565091e-06
3,-80.557359339835,37.202256128064,7.82211505692602e-07
3,-80.557359339835,37.2027363681841,4.82625609206049e-07
3,-80.557359339835,37.2032166083041,2.90480677893513e-07
3,-80.557359339835,37.2036968484242,1.70551750807544e-07
3,-80.557359339835,37.2041770885443,9.76874381057225e-08
3,-80.557359339835,37.2046573286643,5.45854205377419e-08
3,-80.557359339835,37.2051375687844,1.3218108735011e-08
3,-80.557359339835,37.2056178089044,7.04938922515037e-09
3,-80.557359339835,37.2060980490245,1.80283094679295e-09
3,-80.557359339835,37.2065782891446,2.06259209445255e-10
3,-80.557359339835,37.2070585292646,4.5541541691388e-11
3,-80.557359339835,37.2075387693847,1.36568398805005e-11
3,-80.557359339835,37.2080190095048,0
3,-80.557359339835,37.2084992496248,0
3,-80.557359339835,37.2089794897449,0
3,-80.557359339835,37.2094597298649,0
3,-80.557359339835,37.209939969985,0
3,-80.557359339835,37.210420210105,0
3,-80.557359339835,37.2109004502251,0
3,-80.557359339835,37.2113806903452,0
3,-80.557359339835,37.2118609304652,0
3,-80.557359339835,37.2123411705853,0
3,-80.557359339835,37.2128214107054,0
3,-80.557359339835,37.2133016508254,0
3,-80.557359339835,37.2137818909455,0
3,-80.557359339835,37.2142621310655,0
3,-80.557359339835,37.2147423711856,0
3,-80.556879219805,37.1806453226613,0
3,-80.556879219805,37.1811255627814,2.21998427893344e-08
3,-80.556879219805,37.1816058029015,4.20903639715241e-08
3,-80.556879219805,37.1820860430215,8.23883345026603e-08
3,-80.556879219805,37.1825662831416,1.48818964420664e-07
3,-80.556879219805,37.1830465232616,2.58700806935095e-07
3,-80.556879219805,37.1835267633817,4.37976316426528e-07
3,-80.556879219805,37.1840070035017,7.22872685452412e-07
3,-80.556879219805,37.1844872436218,1.16314810177271e-06
3,-80.556879219805,37.1849674837419,1.82471085594813e-06
3,-80.556879219805,37.1854477238619,2.7908457844743e-06
3,-80.556879219805,37.185927963982,4.16174605067352e-06
3,-80.556879219805,37.1864082041021,6.05069539409964e-06
3,-80.556879219805,37.1868884442221,8.57700512921483e-06
3,-80.556879219805,37.1873686843422,1.18541900507795e-05
3,-80.556879219805,37.1878489244622,1.59742082479355e-05
3,-80.556879219805,37.1883291645823,2.09886106994783e-05
3,-80.556879219805,37.1888094047023,2.6888765375339e-05
3,-80.556879219805,37.1892896448224,3.35882261807224e-05
3,-80.556879219805,37.1897698849425,4.09108833914636e-05
3,-80.556879219805,37.1902501250625,4.85884593600995e-05
3,-80.556879219805,37.1907303651826,5.62700353601067e-05
3,-80.556879219805,37.1912106053027,6.35446214614108e-05
3,-80.556879219805,37.1916908454227,6.99755369271951e-05
3,-80.556879219805,37.1921710855428,7.51429783943013e-05
3,-80.556879219805,37.1926513256628,7.8689156307204e-05
3,-80.556879219805,37.1931315657829,8.03592954617997e-05
3,-80.556879219805,37.1936118059029,8.00319722155232e-05
3,-80.556879219805,37.194092046023,7.77337628446785e-05
3,-80.556879219805,37.1945722861431,7.36357425401003e-05
3,-80.556879219805,37.1950525262631,6.80324675947668e-05
3,-80.556879219805,37.1955327663832,6.13070218571922e-05
3,-80.556879219805,37.1960130065033,5.38878797250712e-05
3,-80.556879219805,37.1964932466233,4.62043034435727e-05
3,-80.556879219805,37.1969734867434,3.86466298574785e-05
3,-80.556879219805,37.1974537268634,3.15363053375572e-05
3,-80.556879219805,37.1979339669835,2.51083310219812e-05
3,-80.556879219805,37.1984142071035,1.95064222169682e-05
3,-80.556879219805,37.1988944472236,1.47891627492538e-05
3,-80.556879219805,37.1993746873437,1.09440885329646e-05
3,-80.556879219805,37.1998549274637,7.9060955747918e-06
3,-80.556879219805,37.2003351675838,5.57676668880147e-06
3,-80.556879219805,37.2008154077038,3.84193772562156e-06
3,-80.556879219805,37.2012956478239,2.58580800301998e-06
3,-80.556879219805,37.201775887944,1.70088793672059e-06
3,-80.556879219805,37.202256128064,1.09388641440917e-06
3,-80.556879219805,37.2027363681841,6.88178623107278e-07
3,-80.556879219805,37.2032166083041,4.2375264102271e-07
3,-80.556879219805,37.2036968484242,2.55559540444772e-07
3,-80.556879219805,37.2041770885443,1.51064536696813e-07
3,-80.556879219805,37.2046573286643,8.75949950414487e-08
3,-80.556879219805,37.2051375687844,3.09508707493396e-08
3,-80.556879219805,37.2056178089044,1.77668315188587e-08
3,-80.556879219805,37.2060980490245,7.21945821424566e-09
3,-80.556879219805,37.2065782891446,2.99853290610387e-09
3,-80.556879219805,37.2070585292646,1.66559100906701e-09
3,-80.556879219805,37.2075387693847,9.75344115555603e-10
3,-80.556879219805,37.2080190095048,5.56337232269467e-10
3,-80.556879219805,37.2084992496248,3.17652757494609e-10
3,-80.556879219805,37.2089794897449,1.67701534976361e-10
3,-80.556879219805,37.2094597298649,9.12705584048095e-11
3,-80.556879219805,37.209939969985,1.36241027650397e-11
3,-80.556879219805,37.210420210105,0
3,-80.556879219805,37.2109004502251,0
3,-80.556879219805,37.2113806903452,0
3,-80.556879219805,37.2118609304652,0
3,-80.556879219805,37.2123411705853,0
3,-80.556879219805,37.2128214107054,0
3,-80.556879219805,37.2133016508254,0
3,-80.556879219805,37.2137818909455,0
3,-80.556879219805,37.2142621310655,0
3,-80.556879219805,37.2147423711856,0
3,-80.5563990997749,37.1806453226613,0
3,-80.5563990997749,37.1811255627814,2.47514780714879e-08
3,-80.5563990997749,37.1816058029015,4.72416577377732e-08
3,-80.5563990997749,37.1820860430215,9.46066156965782e-08
3,-80.5563990997749,37.1825662831416,1.72129266446121e-07
3,-80.5563990997749,37.1830465232616,2.99841767606091e-07
3,-80.5563990997749,37.1835267633817,5.08457986408039e-07
3,-80.5563990997749,37.1840070035017,8.40614867135355e-07
3,-80.5563990997749,37.1844872436218,1.35490113972771e-06
3,-80.5563990997749,37.1849674837419,2.12929169493246e-06
3,-80.5563990997749,37.1854477238619,3.26267075535888e-06
3,-80.5563990997749,37.185927963982,4.8746787510648e-06
3,-80.5563990997749,37.1864082041021,7.10127177237391e-06
3,-80.5563990997749,37.1868884442221,1.00869555397211e-05
3,-80.5563990997749,37.1873686843422,1.3970894402697e-05
3,-80.5563990997749,37.1878489244622,1.88683971094937e-05
3,-80.5563990997749,37.1883291645823,2.48484531637922e-05
3,-80.5563990997749,37.1888094047023,3.19098265805789e-05
3,-80.5563990997749,37.1892896448224,3.99592936111163e-05
3,-80.5563990997749,37.1897698849425,4.87963538243766e-05
3,-80.5563990997749,37.1902501250625,5.81087511317875e-05
3,-80.5563990997749,37.1907303651826,6.74821976729498e-05
3,-80.5563990997749,37.1912106053027,7.64257837637519e-05
3,-80.5563990997749,37.1916908454227,8.44119220996321e-05
3,-80.5563990997749,37.1921710855428,9.09267982629509e-05
3,-80.5563990997749,37.1926513256628,9.5524817890338e-05
3,-80.5563990997749,37.1931315657829,9.78790848455727e-05
3,-80.5563990997749,37.1936118059029,9.78199631356169e-05
3,-80.5563990997749,37.194092046023,9.5355389416947e-05
3,-80.5563990997749,37.1945722861431,9.06695458623487e-05
3,-80.5563990997749,37.1950525262631,8.41001695698364e-05
3,-80.5563990997749,37.1955327663832,7.60983717694053e-05
3,-80.5563990997749,37.1960130065033,6.71775954398339e-05
3,-80.5563990997749,37.1964932466233,5.78597026662655e-05
3,-80.5563990997749,37.1969734867434,4.86259564684923e-05
3,-80.5563990997749,37.1974537268634,3.9879030755377e-05
3,-80.5563990997749,37.1979339669835,3.19196333338433e-05
3,-80.5563990997749,37.1984142071035,2.49384956317583e-05
3,-80.5563990997749,37.1988944472236,1.90219773354061e-05
3,-80.5563990997749,37.1993746873437,1.41677927740781e-05
3,-80.5563990997749,37.1998549274637,1.03065811377885e-05
3,-80.5563990997749,37.2003351675838,7.32516287674353e-06
3,-80.5563990997749,37.2008154077038,5.08811780684492e-06
3,-80.5563990997749,37.2012956478239,3.45546915079138e-06
3,-80.5563990997749,37.201775887944,2.29545301449203e-06
3,-80.5563990997749,37.202256128064,1.49236158037971e-06
3,-80.5563990997749,37.2027363681841,9.50143838149926e-07
3,-80.5563990997749,37.2032166083041,5.92805364413601e-07
3,-80.5563990997749,37.2036968484242,3.62718827648255e-07
3,-80.5563990997749,37.2041770885443,2.17828780693097e-07
3,-80.5563990997749,37.2046573286643,1.28503346031183e-07
3,-80.5563990997749,37.2051375687844,5.34389893197546e-08
3,-80.5563990997749,37.2056178089044,3.10875142004026e-08
3,-80.5563990997749,37.2060980490245,1.36288647403144e-08
3,-80.5563990997749,37.2065782891446,6.05451834201809e-09
3,-80.5563990997749,37.2070585292646,3.40243692571567e-09
3,-80.5563990997749,37.2075387693847,1.98611152013893e-09
3,-80.5563990997749,37.2080190095048,1.12555611368734e-09
3,-80.5563990997749,37.2084992496248,6.42338060082597e-10
3,-80.5563990997749,37.2089794897449,3.40514485542983e-10
3,-80.5563990997749,37.2094597298649,1.85172738216942e-10
3,-80.5563990997749,37.209939969985,2.51043336414842e-11
3,-80.5563990997749,37.210420210105,0
3,-80.5563990997749,37.2109004502251,0
3,-80.5563990997749,37.2113806903452,0
3,-80.5563990997749,37.2118609304652,0
3,-80.5563990997749,37.2123411705853,0
3,-80.5563990997749,37.2128214107054,0
3,-80.5563990997749,37.2133016508254,0
3,-80.5563990997749,37.2137818909455,0
3,-80.5563990997749,37.2142621310655,0
3,-80.5563990997749,37.2147423711856,0
3,-80.5559189797449,37.1806453226613,0
3,-80.5559189797449,37.1811255627814,2.68988949890923e-08
3,-80.5559189797449,37.1816058029015,5.182674861608e-08
3,-80.5559189797449,37.1820860430215,1.06872878067071e-07
3,-80.5559189797449,37.1825662831416,1.96354618445584e-07
3,-80.5559189797449,37.1830465232616,3.4297877453158e-07
3,-80.5559189797449,37.1835267633817,5.82811669916909e-07
3,-80.5559189797449,37.1840070035017,9.6558064084738e-07
3,-80.5559189797449,37.1844872436218,1.55965640023147e-06
3,-80.5559189797449,37.1849674837419,2.45654903391814e-06
3,-80.5559189797449,37.1854477238619,3.77278018195349e-06
3,-80.5559189797449,37.185927963982,5.65034039766588e-06
3,-80.5559189797449,37.1864082041021,8.25154616551848e-06
3,-80.5559189797449,37.1868884442221,1.17507871850451e-05
3,-80.5559189797449,37.1873686843422,1.63183679451469e-05
3,-80.5559189797449,37.1878489244622,2.20989750439412e-05
3,-80.5559189797449,37.1883291645823,2.91850892673052e-05
3,-80.5559189797449,37.1888094047023,3.75882056503933e-05
3,-80.5559189797449,37.1892896448224,4.72120029762687e-05
3,-80.5559189797449,37.1897698849425,5.78325800245979e-05
3,-80.5559189797449,37.1902501250625,6.90910184170185e-05
3,-80.5559189797449,37.1907303651826,8.05025613702224e-05
3,-80.5559189797449,37.1912106053027,9.14845592591408e-05
3,-80.5559189797449,37.1916908454227,0.000101402271421329
3,-80.5559189797449,37.1921710855428,0.000109628170850305
3,-80.5559189797449,37.1926513256628,0.000115607316302434
3,-80.5559189797449,37.1931315657829,0.000118919400313355
3,-80.5559189797449,37.1936118059029,0.00011932782911234
3,-80.5559189797449,37.194092046023,0.000116807849316849
3,-80.5559189797449,37.1945722861431,0.00011154905565119
3,-80.5559189797449,37.1950525262631,0.000103931923639775
3,-80.5559189797449,37.1955327663832,9.44823857510142e-05
3,-80.5559189797449,37.1960130065033,8.38119689881864e-05
3,-80.5559189797449,37.1964932466233,7.25529270844357e-05
3,-80.5559189797449,37.1969734867434,6.12978261032297e-05
3,-80.5559189797449,37.1974537268634,5.05513304245861e-05
3,-80.5559189797449,37.1979339669835,4.0699019903043e-05
3,-80.5559189797449,37.1984142071035,3.19946903264133e-05
3,-80.5559189797449,37.1988944472236,2.45644907594526e-05
3,-80.5559189797449,37.1993746873437,1.84239963719912e-05
3,-80.5559189797449,37.1998549274637,1.3503183652817e-05
3,-80.5559189797449,37.2003351675838,9.67424982270927e-06
3,-80.5559189797449,37.2008154077038,6.77805222037179e-06
3,-80.5559189797449,37.2012956478239,4.64626757812336e-06
3,-80.5559189797449,37.201775887944,3.11780927922824e-06
3,-80.5559189797449,37.202256128064,2.04929629693086e-06
3,-80.5559189797449,37.2027363681841,1.32026730691197e-06
3,-80.5559189797449,37.2032166083041,8.34328884161584e-07
3,-80.5559189797449,37.2036968484242,5.17565050646302e-07
3,-80.5559189797449,37.2041770885443,3.1541777182511e-07
3,-80.5559189797449,37.2046573286643,1.88988726033472e-07
3,-80.5559189797449,37.2051375687844,8.8488789768504e-08
3,-80.5559189797449,37.2056178089044,5.19900062440876e-08
3,-80.5559189797449,37.2060980490245,2.4036387784911e-08
3,-80.5559189797449,37.2065782891446,1.11126117226411e-08
3,-80.5559189797449,37.2070585292646,6.27660723987056e-09
3,-80.5559189797449,37.2075387693847,3.66496564473451e-09
3,-80.5559189797449,37.2080190095048,2.07741879405793e-09
3,-80.5559189797449,37.2084992496248,1.18455825405568e-09
3,-80.5559189797449,37.2089794897449,6.1650771831501e-10
3,-80.5559189797449,37.2094597298649,3.35249767704599e-10
3,-80.5559189797449,37.209939969985,4.50890979313047e-11
3,-80.5559189797449,37.210420210105,0
3,-80.5559189797449,37.2109004502251,0
3,-80.5559189797449,37.2113806903452,0
3,-80.5559189797449,37.2118609304652,0
3,-80.5559189797449,37.2123411705853,0
3,-80.5559189797449,37.2128214107054,0
3,-80.5559189797449,37.2133016508254,0
3,-80.5559189797449,37.2137818909455,0
3,-80.5559189797449,37.2142621310655,0
3,-80.5559189797449,37.2147423711856,0
3,-80.5554388597149,37.1806453226613,0
3,-80.5554388597149,37.1811255627814,2.84937626031312e-08
3,-80.5554388597149,37.1816058029015,5.56354606765941e-08
3,-80.5554388597149,37.1820860430215,1.19057873517389e-07
3,-80.5554388597149,37.1825662831416,2.21588273138739e-07
3,-80.5554388597149,37.1830465232616,3.88433167647731e-07
3,-80.5554388597149,37.1835267633817,6.61801044037277e-07
3,-80.5554388597149,37.1840070035017,1.09934041769234e-06
3,-80.5554388597149,37.1844872436218,1.78041805606315e-06
3,-80.5554388597149,37.1849674837419,2.81197399648921e-06
3,-80.5554388597149,37.1854477238619,4.33083519422545e-06
3,-80.5554388597149,37.185927963982,6.50516057252836e-06
3,-80.5554388597149,37.1864082041021,9.52844831875222e-06
3,-80.5554388597149,37.1868884442221,1.3611215372448e-05
3,-80.5554388597149,37.1873686843422,1.89622589534206e-05
3,-80.5554388597149,37.1878489244622,2.57637963024338e-05
3,-80.5554388597149,37.1883291645823,3.41400975460942e-05
3,-80.5554388597149,37.1888094047023,4.4122859702212e-05
3,-80.5554388597149,37.1892896448224,5.56180622470926e-05
3,-80.5554388597149,37.1897698849425,6.83803292847438e-05
3,-80.5554388597149,37.1902501250625,8.20011772209597e-05
3,-80.5554388597149,37.1907303651826,9.59165856795671e-05
3,-80.5554388597149,37.1912106053027,0.000109436977654881
3,-80.5554388597149,37.1916908454227,0.000121799165549709
3,-80.5554388597149,37.1921710855428,0.000132235707930197
3,-80.5554388597149,37.1926513256628,0.000140053287628419
3,-80.5554388597149,37.1931315657829,0.000144709092580675
3,-80.5554388597149,37.1936118059029,0.000145873501136175
3,-80.5554388597149,37.194092046023,0.00014346897768821
3,-80.5554388597149,37.1945722861431,0.00013767876701732
3,-80.5554388597149,37.1950525262631,0.000128924011720836
3,-80.5554388597149,37.1955327663832,0.000117813234256663
3,-80.5554388597149,37.1960130065033,0.000105072580827556
3,-80.5554388597149,37.1964932466233,9.14679033341963e-05
3,-80.5554388597149,37.1969734867434,7.77301976446263e-05
3,-80.5554388597149,37.1974537268634,6.44942073480472e-05
3,-80.5554388597149,37.1979339669835,5.22567094046459e-05
3,-80.5554388597149,37.1984142071035,4.13569813887253e-05
3,-80.5554388597149,37.1988944472236,3.19781150097387e-05
3,-80.5554388597149,37.1993746873437,2.41649131066585e-05
3,-80.5554388597149,37.1998549274637,1.78524892561466e-05
3,-80.5554388597149,37.2003351675838,1.28994232178851e-05
3,-80.5554388597149,37.2008154077038,9.12015849271348e-06
3,-80.5554388597149,37.2012956478239,6.31283584990551e-06
3,-80.5554388597149,37.201775887944,4.28048156365347e-06
3,-80.5554388597149,37.202256128064,2.84503317364992e-06
3,-80.5554388597149,37.2027363681841,1.85485235528817e-06
3,-80.5554388597149,37.2032166083041,1.18705943692953e-06
3,-80.5554388597149,37.2036968484242,7.4626556058563e-07
3,-80.5554388597149,37.2041770885443,4.61188741864895e-07
3,-80.5554388597149,37.2046573286643,2.80355696113654e-07
3,-80.5554388597149,37.2051375687844,1.43454536006424e-07
3,-80.5554388597149,37.2056178089044,8.50450348596537e-08
3,-80.5554388597149,37.2060980490245,4.11192686163077e-08
3,-80.5554388597149,37.2065782891446,1.96383043268087e-08
3,-80.5554388597149,37.2070585292646,1.11328643677263e-08
3,-80.5554388597149,37.2075387693847,6.47023715158708e-09
3,-80.5554388597149,37.2080190095048,3.66902099489063e-09
3,-80.5554388597149,37.2084992496248,2.09199525646189e-09
3,-80.5554388597149,37.2089794897449,1.08806642622347e-09
3,-80.5554388597149,37.2094597298649,5.91662120421335e-10
3,-80.5554388597149,37.209939969985,7.89362438114931e-11
3,-80.5554388597149,37.210420210105,0
3,-80.5554388597149,37.2109004502251,0
3,-80.5554388597149,37.2113806903452,0
3,-80.5554388597149,37.2118609304652,0
3,-80.5554388597149,37.2123411705853,0
3,-80.5554388597149,37.2128214107054,0
3,-80.5554388597149,37.2133016508254,0
3,-80.5554388597149,37.2137818909455,0
3,-80.5554388597149,37.2142621310655,0
3,-80.5554388597149,37.2147423711856,0
3,-80.5549587396849,37.1806453226613,0
3,-80.5549587396849,37.1811255627814,2.94203086797413e-08
3,-80.5549587396849,37.1816058029015,5.85295810327614e-08
3,-80.5549587396849,37.1820860430215,1.31155431919382e-07
3,-80.5549587396849,37.1825662831416,2.48216334458278e-07
3,-80.5549587396849,37.1830465232616,4.37073697341388e-07
3,-80.5549587396849,37.1835267633817,7.47061715513678e-07
3,-80.5549587396849,37.1840070035017,1.24491389422618e-06
3,-80.5549587396849,37.1844872436218,2.0225477920752e-06
3,-80.5549587396849,37.1849674837419,3.20482616043139e-06
3,-80.5549587396849,37.1854477238619,4.95233169334407e-06
3,-80.5549587396849,37.185927963982,7.46438522496579e-06
3,-80.5549587396849,37.1864082041021,1.09718880531079e-05
3,-80.5549587396849,37.1868884442221,1.5729588488904e-05
3,-80.5549587396849,37.1873686843422,2.19942956392361e-05
3,-80.5549587396849,37.1878489244622,2.99963061367489e-05
3,-80.5549587396849,37.1883291645823,3.99024138378661e-05
3,-80.5549587396849,37.1888094047023,5.17741862088602e-05
3,-80.5549587396849,37.1892896448224,6.55269034017101e-05
3,-80.5549587396849,37.1897698849425,8.08962463274098e-05
3,-80.5549587396849,37.1902501250625,9.74204825051634e-05
3,-80.5549587396849,37.1907303651826,0.000114445058709452
3,-80.5549587396849,37.1912106053027,0.000131153964182935
3,-80.5549587396849,37.1916908454227,0.00014662817826116
3,-80.5549587396849,37.1921710855428,0.000159926604746645
3,-80.5549587396849,37.1926513256628,0.00017018011540697
3,-80.5549587396849,37.1931315657829,0.000176685801109828
3,-80.5549587396849,37.1936118059029,0.000178987222296408
3,-80.5549587396849,37.194092046023,0.000176927871943553
3,-80.5549587396849,37.1945722861431,0.000170669091966037
3,-80.5549587396849,37.1950525262631,0.000160669551152223
3,-80.5549587396849,37.1955327663832,0.000147629862393836
3,-80.5549587396849,37.1960130065033,0.0001324115987849
3,-80.5549587396849,37.1964932466233,0.000115943680591242
3,-80.5549587396849,37.1969734867434,9.91301732875524e-05
3,-80.5549587396849,37.1974537268634,8.27719379916229e-05
3,-80.5549587396849,37.1979339669835,6.75108961570059e-05
3,-80.5549587396849,37.1984142071035,5.38009017311797e-05
3,-80.5549587396849,37.1988944472236,4.19044614672466e-05
3,-80.5549587396849,37.1993746873437,3.19107430455539e-05
3,-80.5549587396849,37.1998549274637,2.37680295399058e-05
3,-80.5549587396849,37.2003351675838,1.73231505755575e-05
3,-80.5549587396849,37.2008154077038,1.23611989724271e-05
3,-80.5549587396849,37.2012956478239,8.64054158207824e-06
3,-80.5549587396849,37.201775887944,5.92019863877965e-06
3,-80.5549587396849,37.202256128064,3.97861506907353e-06
3,-80.5549587396849,37.2027363681841,2.6243591217298e-06
3,-80.5549587396849,37.2032166083041,1.70022292264008e-06
3,-80.5549587396849,37.2036968484242,1.08258803850524e-06
3,-80.5549587396849,37.2041770885443,6.77879721665241e-07
3,-80.5549587396849,37.2046573286643,4.17628772687273e-07
3,-80.5549587396849,37.2051375687844,2.28172867184276e-07
3,-80.5549587396849,37.2056178089044,1.36456721282613e-07
3,-80.5549587396849,37.2060980490245,6.86092327396123e-08
3,-80.5549587396849,37.2065782891446,3.37194417759338e-08
3,-80.5549587396849,37.2070585292646,1.91828712272794e-08
3,-80.5549587396849,37.2075387693847,1.11354340646735e-08
3,-80.5549587396849,37.2080190095048,6.3169516124017e-09
3,-80.5549587396849,37.2084992496248,3.60159929297551e-09
3,-80.5549587396849,37.2089794897449,1.87191673602048e-09
3,-80.5549587396849,37.2094597298649,1.01787195521932e-09
3,-80.5549587396849,37.209939969985,1.34698707271104e-10
3,-80.5549587396849,37.210420210105,0
3,-80.5549587396849,37.2109004502251,0
3,-80.5549587396849,37.2113806903452,0
3,-80.5549587396849,37.2118609304652,0
3,-80.5549587396849,37.2123411705853,0
3,-80.5549587396849,37.2128214107054,0
3,-80.5549587396849,37.2133016508254,0
3,-80.5549587396849,37.2137818909455,0
3,-80.5549587396849,37.2142621310655,0
3,-80.5549587396849,37.2147423711856,0
3,-80.5544786196549,37.1806453226613,0
3,-80.5544786196549,37.1811255627814,2.96092024706656e-08
3,-80.5544786196549,37.1816058029015,6.04647873242616e-08
3,-80.5544786196549,37.1820860430215,1.43290615082079e-07
3,-80.5544786196549,37.1825662831416,2.76925275108194e-07
3,-80.5544786196549,37.1830465232616,4.90330796595105e-07
3,-80.5544786196549,37.1835267633817,8.41240592400304e-07
3,-80.5544786196549,37.1840070035017,1.40702902161452e-06
3,-80.5544786196549,37.1844872436218,2.29420837333313e-06
3,-80.5544786196549,37.1849674837419,3.64885023978705e-06
3,-80.5544786196549,37.1854477238619,5.65978035880617e-06
3,-80.5544786196549,37.185927963982,8.56400103020997e-06
3,-80.5544786196549,37.1864082041021,1.26378131876726e-05
3,-80.5544786196549,37.1868884442221,1.81906540177943e-05
3,-80.5544786196549,37.1873686843422,2.55395662853995e-05
3,-80.5544786196549,37.1878489244622,3.49764311893983e-05
3,-80.5544786196549,37.1883291645823,4.67242733522107e-05
3,-80.5544786196549,37.1888094047023,6.08868443246649e-05
3,-80.5544786196549,37.1892896448224,7.73976092524293e-05
3,-80.5544786196549,37.1897698849425,9.597647900312e-05
3,-80.5544786196549,37.1902501250625,0.000116103722932049
3,-80.5544786196549,37.1907303651826,0.000137019849102567
3,-80.5544786196549,37.1912106053027,0.000157757524550357
3,-80.5544786196549,37.1916908454227,0.000177206971470166
3,-80.5544786196549,37.1921710855428,0.000194210400283812
3,-80.5544786196549,37.1926513256628,0.000207675072164373
3,-80.5544786196549,37.1931315657829,0.000216689887489623
3,-80.5544786196549,37.1936118059029,0.000220628211368165
3,-80.5544786196549,37.194092046023,0.00021922072442529
3,-80.5544786196549,37.1945722861431,0.000212586435469839
3,-80.5544786196549,37.1950525262631,0.000201216819853591
3,-80.5544786196549,37.1955327663832,0.000185915930265526
3,-80.5544786196549,37.1960130065033,0.000167706571620611
3,-80.5544786196549,37.1964932466233,0.000147717715654825
3,-80.5544786196549,37.1969734867434,0.000127070290180667
3,-80.5544786196549,37.1974537268634,0.000106777127589556
3,-80.5544786196549,37.1979339669835,8.76687827949241e-05
3,-80.5544786196549,37.1984142071035,7.0351271999352e-05
3,-80.5544786196549,37.1988944472236,5.519589033624e-05
3,-80.5544786196549,37.1993746873437,4.23563418628794e-05
3,-80.5544786196549,37.1998549274637,3.18052497385888e-05
3,-80.5544786196549,37.2003351675838,2.33809699464534e-05
3,-80.5544786196549,37.2008154077038,1.68362852903063e-05
3,-80.5544786196549,37.2012956478239,1.18824559752153e-05
3,-80.5544786196549,37.201775887944,8.22457338023984e-06
3,-80.5544786196549,37.202256128064,5.58659074757175e-06
3,-80.5544786196549,37.2027363681841,3.7263576054093e-06
3,-80.5544786196549,37.2032166083041,2.44225873230851e-06
3,-80.5544786196549,37.2036968484242,1.57364943247985e-06
3,-80.5544786196549,37.2041770885443,9.97319144329442e-07
3,-80.5544786196549,37.2046573286643,6.21898021460592e-07
3,-80.5544786196549,37.2051375687844,3.56405389033655e-07
3,-80.5544786196549,37.2056178089044,2.14943450641848e-07
3,-80.5544786196549,37.2060980490245,1.11835429685358e-07
3,-80.5544786196549,37.2065782891446,5.63870255375562e-08
3,-80.5544786196549,37.2070585292646,3.21852369782325e-08
3,-80.5544786196549,37.2075387693847,1.86823590285589e-08
3,-80.5544786196549,37.2080190095048,1.06022278997733e-08
3,-80.5544786196549,37.2084992496248,6.04451561020497e-09
3,-80.5544786196549,37.2089794897449,3.13929502444042e-09
3,-80.5544786196549,37.2094597298649,1.70697395874061e-09
3,-80.5544786196549,37.209939969985,2.24043557544204e-10
3,-80.5544786196549,37.210420210105,0
3,-80.5544786196549,37.2109004502251,0
3,-80.5544786196549,37.2113806903452,0
3,-80.5544786196549,37.2118609304652,0
3,-80.5544786196549,37.2123411705853,0
3,-80.5544786196549,37.2128214107054,0
3,-80.5544786196549,37.2133016508254,0
3,-80.5544786196549,37.2137818909455,0
3,-80.5544786196549,37.2142621310655,0
3,-80.5544786196549,37.2147423711856,0
3,-80.5539984996249,37.1806453226613,0
3,-80.5539984996249,37.1811255627814,2.90461285900065e-08
3,-80.5539984996249,37.1816058029015,6.14996205152825e-08
3,-80.5539984996249,37.1820860430215,1.55697419689437e-07
3,-80.5539984996249,37.1825662831416,3.08642078687691e-07
3,-80.5539984996249,37.1830465232616,5.50089815272968e-07
3,-80.5539984996249,37.1835267633817,9.47783762093889e-07
3,-80.5539984996249,37.1840070035017,1.59174889364195e-06
3,-80.5539984996249,37.1844872436218,2.60572010174796e-06
3,-80.5539984996249,37.1849674837419,4.1612050727078e-06
3,-80.5539984996249,37.1854477238619,6.48095843815011e-06
3,-80.5539984996249,37.185927963982,9.84796472409112e-06
3,-80.5539984996249,37.1864082041021,1.45939253686396e-05
3,-80.5539984996249,37.1868884442221,2.10961089746561e-05
3,-80.5539984996249,37.1873686843422,2.97470654887498e-05
3,-80.5539984996249,37.1878489244622,4.09170864414765e-05
3,-80.5539984996249,37.1883291645823,5.49024581261259e-05
3,-80.5539984996249,37.1888094047023,7.18643768622411e-05
3,-80.5539984996249,37.1892896448224,9.17654711380804e-05
3,-80.5539984996249,37.1897698849425,0.000114313768383629
3,-80.5539984996249,37.1902501250625,0.00013892561517014
3,-80.5539984996249,37.1907303651826,0.000164718711614884
3,-80.5539984996249,37.1912106053027,0.000190543567144202
3,-80.5539984996249,37.1916908454227,0.000215056380947809
3,-80.5539984996249,37.1921710855428,0.000236829313710371
3,-80.5539984996249,37.1926513256628,0.00025448666616945
3,-80.5539984996249,37.1931315657829,0.000266849274553135
3,-80.5539984996249,37.1936118059029,0.000273066062812542
3,-80.5539984996249,37.194092046023,0.000272712225353442
3,-80.5539984996249,37.1945722861431,0.000265838149369445
3,-80.5539984996249,37.1950525262631,0.000252961125178715
3,-80.5539984996249,37.1955327663832,0.0002350015017153
3,-80.5539984996249,37.1960130065033,0.000213174159085202
3,-80.5539984996249,37.1964932466233,0.000188853036276066
3,-80.5539984996249,37.1969734867434,0.000163429627520026
3,-80.5539984996249,37.1974537268634,0.000138185432694427
3,-80.5539984996249,37.1979339669835,0.000114193875272021
3,-80.5539984996249,37.1984142071035,9.22604920083883e-05
3,-80.5539984996249,37.1988944472236,7.29028992354285e-05
3,-80.5539984996249,37.1993746873437,5.63656922557535e-05
3,-80.5539984996249,37.1998549274637,4.26611153601701e-05
3,-80.5539984996249,37.2003351675838,3.16244892846132e-05
3,-80.5539984996249,37.2008154077038,2.29738205098142e-05
3,-80.5539984996249,37.2012956478239,1.63651187330486e-05
3,-80.5539984996249,37.201775887944,1.14378954460053e-05
3,-80.5539984996249,37.202256128064,7.84832964054678e-06
3,-80.5539984996249,37.2027363681841,5.29009447332248e-06
3,-80.5539984996249,37.2032166083041,3.50454409509781e-06
3,-80.5539984996249,37.2036968484242,2.28282138336962e-06
3,-80.5539984996249,37.2041770885443,1.46260491638667e-06
3,-80.5539984996249,37.2046573286643,9.21895610744713e-07
3,-80.5539984996249,37.2051375687844,5.46934331929614e-07
3,-80.5539984996249,37.2056178089044,3.3248491169547e-07
3,-80.5539984996249,37.2060980490245,1.78235412391453e-07
3,-80.5539984996249,37.2065782891446,9.19488471518162e-08
3,-80.5539984996249,37.2070585292646,5.26463299321119e-08
3,-80.5539984996249,37.2075387693847,3.05558851864666e-08
3,-80.5539984996249,37.2080190095048,1.7346825108825e-08
3,-80.5539984996249,37.2084992496248,9.88917462689137e-09
3,-80.5539984996249,37.2089794897449,5.13206898814472e-09
3,-80.5539984996249,37.2094597298649,2.7904565742115e-09
3,-80.5539984996249,37.209939969985,3.63231541492846e-10
3,-80.5539984996249,37.210420210105,0
3,-80.5539984996249,37.2109004502251,0
3,-80.5539984996249,37.2113806903452,0
3,-80.5539984996249,37.2118609304652,0
3,-80.5539984996249,37.2123411705853,0
3,-80.5539984996249,37.2128214107054,0
3,-80.5539984996249,37.2133016508254,0
3,-80.5539984996249,37.2137818909455,0
3,-80.5539984996249,37.2142621310655,0
3,-80.5539984996249,37.2147423711856,0
3,-80.5535183795949,37.1806453226613,0
3,-80.5535183795949,37.1811255627814,2.7773579949602e-08
3,-80.5535183795949,37.1816058029015,6.17886115820289e-08
3,-80.5535183795949,37.1820860430215,1.68664748617077e-07
3,-80.5535183795949,37.1825662831416,3.44401617753158e-07
3,-80.5535183795949,37.1830465232616,6.18452085433162e-07
3,-80.5535183795949,37.1835267633817,1.07049758096064e-06
3,-80.5535183795949,37.1840070035017,1.80571651106499e-06
3,-80.5535183795949,37.1844872436218,2.96828958527055e-06
3,-80.5535183795949,37.1849674837419,4.76037963977874e-06
3,-80.5535183795949,37.1854477238619,7.44557582946214e-06
3,-80.5535183795949,37.185927963982,1.13630100871849e-05
3,-80.5535183795949,37.1864082041021,1.69117850088487e-05
3,-80.5535183795949,37.1868884442221,2.45528974458699e-05
3,-80.5535183795949,37.1873686843422,3.47727824854075e-05
3,-80.5535183795949,37.1878489244622,4.80403474059799e-05
3,-80.5535183795949,37.1883291645823,6.47455653407657e-05
3,-80.5535183795949,37.1888094047023,8.51253737587693e-05
3,-80.5535183795949,37.1892896448224,0.000109184751250145
3,-80.5535183795949,37.1897698849425,0.000136624587458678
3,-80.5535183795949,37.1902501250625,0.000166790383027563
3,-80.5535183795949,37.1907303651826,0.000198655896463698
3,-80.5535183795949,37.1912106053027,0.000230852897279899
3,-80.5535183795949,37.1916908454227,0.000261752121506828
3,-80.5535183795949,37.1921710855428,0.000289592097078116
3,-80.5535183795949,37.1926513256628,0.000312643230585778
3,-80.5535183795949,37.1931315657829,0.000329386438292917
3,-80.5535183795949,37.1936118059029,0.000338680689580535
3,-80.5535183795949,37.194092046023,0.000339893584786525
3,-80.5535183795949,37.1945722861431,0.000332973965781017
3,-80.5535183795949,37.1950525262631,0.000318454778972599
3,-80.5535183795949,37.1955327663832,0.000297386103129022
3,-80.5535183795949,37.1960130065033,0.000271209909740153
3,-80.5535183795949,37.1964932466233,0.000241597251519794
3,-80.5535183795949,37.1969734867434,0.000210273350063516
3,-80.5535183795949,37.1974537268634,0.000178855759305045
3,-80.5535183795949,37.1979339669835,0.000148725920132859
3,-80.5535183795949,37.1984142071035,0.000120946485745455
3,-80.5535183795949,37.1988944472236,9.62277916618683e-05
3,-80.5535183795949,37.1993746873437,7.49387270342069e-05
3,-80.5535183795949,37.1998549274637,5.71514786114108e-05
3,-80.5535183795949,37.2003351675838,4.27068364008114e-05
3,-80.5535183795949,37.2008154077038,3.12868589616725e-05
3,-80.5535183795949,37.2012956478239,2.24839948711177e-05
3,-80.5535183795949,37.201775887944,1.58592545536753e-05
3,-80.5535183795949,37.202256128064,1.09857443726528e-05
3,-80.5535183795949,37.2027363681841,7.47706500578959e-06
3,-80.5535183795949,37.2032166083041,5.00232361514026e-06
3,-80.5535183795949,37.2036968484242,3.29072150470013e-06
3,-80.5535183795949,37.2041770885443,2.1290005446103e-06
3,-80.5535183795949,37.2046573286643,1.3547311782898e-06
3,-80.5535183795949,37.2051375687844,8.24124630162963e-07
3,-80.5535183795949,37.2056178089044,5.04735461260507e-07
3,-80.5535183795949,37.2060980490245,2.77662955191128e-07
3,-80.5535183795949,37.2065782891446,1.46209832104994e-07
3,-80.5535183795949,37.2070585292646,8.39556469802093e-08
3,-80.5535183795949,37.2075387693847,4.87189174155184e-08
3,-80.5535183795949,37.2080190095048,2.76679652169491e-08
3,-80.5535183795949,37.2084992496248,1.5772192361416e-08
3,-80.5535183795949,37.2089794897449,8.1783906728407e-09
3,-80.5535183795949,37.2094597298649,4.44670715546227e-09
3,-80.5535183795949,37.209939969985,5.74006365669018e-10
3,-80.5535183795949,37.210420210105,0
3,-80.5535183795949,37.2109004502251,0
3,-80.5535183795949,37.2113806903452,0
3,-80.5535183795949,37.2118609304652,0
3,-80.5535183795949,37.2123411705853,0
3,-80.5535183795949,37.2128214107054,0
3,-80.5535183795949,37.2133016508254,0
3,-80.5535183795949,37.2137818909455,0
3,-80.5535183795949,37.2142621310655,0
3,-80.5535183795949,37.2147423711856,0
3,-80.5530382595649,37.1806453226613,0
3,-80.5530382595649,37.1811255627814,2.58855580073489e-08
3,-80.5530382595649,37.1816058029015,6.1559441376791e-08
3,-80.5530382595649,37.1820860430215,1.82456418319255e-07
3,-80.5530382595649,37.1825662831416,3.85150182012663e-07
3,-80.5530382595649,37.1830465232616,6.97377588942878e-07
3,-80.5530382595649,37.1835267633817,1.21293748192595e-06
3,-80.5530382595649,37.1840070035017,2.05511416851105e-06
3,-80.5530382595649,37.1844872436218,3.39227963774624e-06
3,-80.5530382595649,37.1849674837419,5.46339052965682e-06
3,-80.5530382595649,37.1854477238619,8.5808465480107e-06
3,-80.5530382595649,37.185927963982,1.31518310847211e-05
3,-80.5530382595649,37.1864082041021,1.96565753066425e-05
3,-80.5530382595649,37.1868884442221,2.86582277422062e-05
3,-80.5530382595649,37.1873686843422,4.0758323525727e-05
3,-80.5530382595649,37.1878489244622,5.65477195770732e-05
3,-80.5530382595649,37.1883291645823,7.65337077826672e-05
3,-80.5530382595649,37.1888094047023,0.000101050233956344
3,-80.5530382595649,37.1892896448224,0.000130160143478177
3,-80.5530382595649,37.1897698849425,0.000163563158392757
3,-80.5530382595649,37.1902501250625,0.0002005266586559
3,-80.5530382595649,37.1907303651826,0.000239856994242621
3,-80.5530382595649,37.1912106053027,0.000279926037622727
3,-80.5530382595649,37.1916908454227,0.000318760765637301
3,-80.5530382595649,37.1921710855428,0.000354193587380566
3,-80.5530382595649,37.1926513256628,0.000384059654171987
3,-80.5530382595649,37.1931315657829,0.000406416935256213
3,-80.5530382595649,37.1936118059029,0.000419757975937391
3,-80.5530382595649,37.194092046023,0.000423180953531892
3,-80.5530382595649,37.1945722861431,0.000416492698449658
3,-80.5530382595649,37.1950525262631,0.000400227026056562
3,-80.5530382595649,37.1955327663832,0.000375575889297238
3,-80.5530382595649,37.1960130065033,0.000344245477206503
3,-80.5530382595649,37.1964932466233,0.000308261310744514
3,-80.5530382595649,37.1969734867434,0.000269753200980764
3,-80.5530382595649,37.1974537268634,0.0002307515260708
3,-80.5530382595649,37.1979339669835,0.00019302106103602
3,-80.5530382595649,37.1984142071035,0.00015794925439627
3,-80.5530382595649,37.1988944472236,0.000126494812974465
3,-80.5530382595649,37.1993746873437,9.91921927277111e-05
3,-80.5530382595649,37.1998549274637,7.61999927814185e-05
3,-80.5530382595649,37.2003351675838,5.73772777590454e-05
3,-80.5530382595649,37.2008154077038,4.23714959964058e-05
3,-80.5530382595649,37.2012956478239,3.0704136118936e-05
3,-80.5530382595649,37.201775887944,2.18443827980777e-05
3,-80.5530382595649,37.202256128064,1.5265575991092e-05
3,-80.5530382595649,37.2027363681841,1.04832854964316e-05
3,-80.5530382595649,37.2032166083041,7.07672293028479e-06
3,-80.5530382595649,37.2036968484242,4.69686656950804e-06
3,-80.5530382595649,37.2041770885443,3.06521629709163e-06
3,-80.5530382595649,37.2046573286643,1.96683883906376e-06
3,-80.5530382595649,37.2051375687844,1.21860040417649e-06
3,-80.5530382595649,37.2056178089044,7.51492014571673e-07
3,-80.5530382595649,37.2060980490245,4.22716467027091e-07
3,-80.5530382595649,37.2065782891446,2.26707380655293e-07
3,-80.5530382595649,37.2070585292646,1.30528218789649e-07
3,-80.5530382595649,37.2075387693847,7.57253058836504e-08
3,-80.5530382595649,37.2080190095048,4.30199504342335e-08
3,-80.5530382595649,37.2084992496248,2.45221551637883e-08
3,-80.5530382595649,37.2089794897449,1.27045268612242e-08
3,-80.5530382595649,37.2094597298649,6.90743715006485e-09
3,-80.5530382595649,37.209939969985,8.84162161366006e-10
3,-80.5530382595649,37.210420210105,0
3,-80.5530382595649,37.2109004502251,0
3,-80.5530382595649,37.2113806903452,0
3,-80.5530382595649,37.2118609304652,0
3,-80.5530382595649,37.2123411705853,0
3,-80.5530382595649,37.2128214107054,0
3,-80.5530382595649,37.2133016508254,0
3,-80.5530382595649,37.2137818909455,0
3,-80.5530382595649,37.2142621310655,0
3,-80.5530382595649,37.2147423711856,0
3,-80.5525581395349,37.1806453226613,0
3,-80.5525581395349,37.1811255627814,2.35160979855356e-08
3,-80.5525581395349,37.1816058029015,6.10770625366059e-08
3,-80.5525581395349,37.1820860430215,1.97217884290829e-07
3,-80.5525581395349,37.1825662831416,4.31509266119118e-07
3,-80.5525581395349,37.1830465232616,7.88249851195917e-07
3,-80.5525581395349,37.1835267633817,1.37765159812891e-06
3,-80.5525581395349,37.1840070035017,2.34440667788226e-06
3,-80.5525581395349,37.1844872436218,3.88512691917086e-06
3,-80.5525581395349,37.1849674837419,6.28241863652597e-06
3,-80.5525581395349,37.1854477238619,9.90619067876087e-06
3,-80.5525581395349,37.185927963982,1.52449464885519e-05
3,-80.5525581395349,37.1864082041021,2.28749207604029e-05
3,-80.5525581395349,37.1868884442221,3.34817903545218e-05
3,-80.5525581395349,37.1873686843422,4.78056075189621e-05
3,-80.5525581395349,37.1878489244622,6.6585038105689e-05
3,-80.5525581395349,37.1883291645823,9.04710573310142e-05
3,-80.5525581395349,37.1888094047023,0.000119918632023318
3,-80.5525581395349,37.1892896448224,0.000155066473093
3,-80.5525581395349,37.1897698849425,0.000195620976031691
3,-80.5525581395349,37.1902501250625,0.000240764992773552
3,-80.5525581395349,37.1907303651826,0.000289113469630305
3,-80.5525581395349,37.1912106053027,0.000338734967614954
3,-80.5525581395349,37.1916908454227,0.000387250212700057
3,-80.5525581395349,37.1921710855428,0.0004320068507127
3,-80.5525581395349,37.1926513256628,0.000470315499316129
3,-80.5525581395349,37.1931315657829,0.000499718922725714
3,-80.5525581395349,37.1936118059029,0.000518256890276926
3,-80.5525581395349,37.194092046023,0.00052468660964184
3,-80.5525581395349,37.1945722861431,0.000518623755761542
3,-80.5525581395349,37.1950525262631,0.000500581409523921
3,-80.5525581395349,37.1955327663832,0.000471901245640615
3,-80.5525581395349,37.1960130065033,0.000434589424704855
3,-80.5525581395349,37.1964932466233,0.000391084942971794
3,-80.5525581395349,37.1969734867434,0.000343997528751076
3,-80.5525581395349,37.1974537268634,0.000295853948416117
3,-80.5525581395349,37.1979339669835,0.000248886065657593
3,-80.5525581395349,37.1984142071035,0.000204883097019737
3,-80.5525581395349,37.1988944472236,0.000165117130603091
3,-80.5525581395349,37.1993746873437,0.000130338176716758
3,-80.5525581395349,37.1998549274637,0.000100825231612593
3,-80.5525581395349,37.2003351675838,7.64743869400587e-05
3,-80.5525581395349,37.2008154077038,5.69040270981092e-05
3,-80.5525581395349,37.2012956478239,4.15597625432132e-05
3,-80.5525581395349,37.201775887944,2.98065376721151e-05
3,-80.5525581395349,37.202256128064,2.10008321337907e-05
3,-80.5525581395349,37.2027363681841,1.4540831865047e-05
3,-80.5525581395349,37.2032166083041,9.89614361609388e-06
3,-80.5525581395349,37.2036968484242,6.62081993182706e-06
3,-80.5525581395349,37.2041770885443,4.3542903897347e-06
3,-80.5525581395349,37.2046573286643,2.81461834923568e-06
3,-80.5525581395349,37.2051375687844,1.76770056176279e-06
3,-80.5525581395349,37.2056178089044,1.09700345021691e-06
3,-80.5525581395349,37.2060980490245,6.28952025237822e-07
3,-80.5525581395349,37.2065782891446,3.42878573413864e-07
3,-80.5525581395349,37.2070585292646,1.97906231200261e-07
3,-80.5525581395349,37.2075387693847,1.14773903413993e-07
3,-80.5525581395349,37.2080190095048,6.52077464784357e-08
3,-80.5525581395349,37.2084992496248,3.71672871627119e-08
3,-80.5525581395349,37.2089794897449,1.92382108538078e-08
3,-80.5525581395349,37.2094597298649,1.04594963013763e-08
3,-80.5525581395349,37.209939969985,1.32748371586671e-09
3,-80.5525581395349,37.210420210105,0
3,-80.5525581395349,37.2109004502251,0
3,-80.5525581395349,37.2113806903452,0
3,-80.5525581395349,37.2118609304652,0
3,-80.5525581395349,37.2123411705853,0
3,-80.5525581395349,37.2128214107054,0
3,-80.5525581395349,37.2133016508254,0
3,-80.5525581395349,37.2137818909455,0
3,-80.5525581395349,37.2142621310655,0
3,-80.5525581395349,37.2147423711856,0
3,-80.5520780195049,37.1806453226613,0
3,-80.5520780195049,37.1811255627814,2.08235635251919e-08
3,-80.5520780195049,37.1816058029015,6.06003957899263e-08
3,-80.5520780195049,37.1820860430215,2.1288742553969e-07
3,-80.5520780195049,37.1825662831416,4.83536523000982e-07
3,-80.5520780195049,37.1830465232616,8.91426874510549e-07
3,-80.5520780195049,37.1835267633817,1.56539825335019e-06
3,-80.5520780195049,37.1840070035017,2.67492312427047e-06
3,-80.5520780195049,37.1844872436218,4.44898811007409e-06
3,-80.5520780195049,37.1849674837419,7.220970696528e-06
3,-80.5520780195049,37.1854477238619,1.1427124872288e-05
3,-80.5520780195049,37.185927963982,1.76512028419743e-05
3,-80.5520780195049,37.1864082041021,2.65804806933196e-05
3,-80.5520780195049,37.1868884442221,3.90444229718018e-05
3,-80.5520780195049,37.1873686843422,5.59460196485203e-05
3,-80.5520780195049,37.1878489244622,7.81989260439332e-05
3,-80.5520780195049,37.1883291645823,0.000106625836964828
3,-80.5520780195049,37.1888094047023,0.000141828771381652
3,-80.5520780195049,37.1892896448224,0.000184042609023371
3,-80.5520780195049,37.1897698849425,0.000232990713736005
3,-80.5520780195049,37.1902501250625,0.000287767380554969
3,-80.5520780195049,37.1907303651826,0.000346774149118765
3,-80.5520780195049,37.1912106053027,0.000407734083859016
3,-80.5520780195049,37.1916908454227,0.000467799234511303
3,-80.5520780195049,37.1921710855428,0.000523752379486999
3,-80.5520780195049,37.1926513256628,0.000572287084229812
3,-80.5520780195049,37.1931315657829,0.000610333552823958
3,-80.5520780195049,37.1936118059029,0.00063538562588443
3,-80.5520780195049,37.194092046023,0.000645779892317977
3,-80.5520780195049,37.1945722861431,0.000640882952283361
3,-80.5520780195049,37.1950525262631,0.00062115689096804
3,-80.5520780195049,37.1955327663832,0.000588093264095142
3,-80.5520780195049,37.1960130065033,0.000544028034395087
3,-80.5520780195049,37.1964932466233,0.000491869146085031
3,-80.5520780195049,37.1969734867434,0.00043478078960921
3,-80.5520780195049,37.1974537268634,0.00037587170358235
3,-80.5520780195049,37.1979339669835,0.000317929157759308
3,-80.5520780195049,37.1984142071035,0.000263227690352542
3,-80.5520780195049,37.1988944472236,0.000213425673575595
3,-80.5520780195049,37.1993746873437,0.00016954708000023
3,-80.5520780195049,37.1998549274637,0.000132033477374241
3,-80.5520780195049,37.2003351675838,0.000100844052547732
3,-80.5520780195049,37.2008154077038,7.55796477823598e-05
3,-80.5520780195049,37.2012956478239,5.56094513560261e-05
3,-80.5520780195049,37.201775887944,4.01844665579572e-05
3,-80.5520780195049,37.202256128064,2.85283849648117e-05
3,-80.5520780195049,37.2027363681841,1.99025127626778e-05
3,-80.5520780195049,37.2032166083041,1.36460011325002e-05
3,-80.5520780195049,37.2036968484242,9.19546583920011e-06
3,-80.5520780195049,37.2041770885443,6.08927308247667e-06
3,-80.5520780195049,37.2046573286643,3.96172273544536e-06
3,-80.5520780195049,37.2051375687844,2.51382234371529e-06
3,-80.5520780195049,37.2056178089044,1.5689763527874e-06
3,-80.5520780195049,37.2060980490245,9.14300820552906e-07
3,-80.5520780195049,37.2065782891446,5.05764448759735e-07
3,-80.5520780195049,37.2070585292646,2.92599193699626e-07
3,-80.5520780195049,37.2075387693847,1.69616134939655e-07
3,-80.5520780195049,37.2080190095048,9.63734467845352e-08
3,-80.5520780195049,37.2084992496248,5.49161245408683e-08
3,-80.5520780195049,37.2089794897449,2.83979291589883e-08
3,-80.5520780195049,37.2094597298649,1.54390395652905e-08
3,-80.5520780195049,37.209939969985,1.94271252895767e-09
3,-80.5520780195049,37.210420210105,0
3,-80.5520780195049,37.2109004502251,0
3,-80.5520780195049,37.2113806903452,0
3,-80.5520780195049,37.2118609304652,0
3,-80.5520780195049,37.2123411705853,0
3,-80.5520780195049,37.2128214107054,0
3,-80.5520780195049,37.2133016508254,0
3,-80.5520780195049,37.2137818909455,0
3,-80.5520780195049,37.2142621310655,0
3,-80.5520780195049,37.2147423711856,0
3,-80.5515978994749,37.1806453226613,0
3,-80.5515978994749,37.1811255627814,1.79732619677615e-08
3,-80.5515978994749,37.1816058029015,6.03389292417289e-08
3,-80.5515978994749,37.1820860430215,2.29131244226447e-07
3,-80.5515978994749,37.1825662831416,5.40527958019277e-07
3,-80.5515978994749,37.1830465232616,1.0058558672263e-06
3,-80.5515978994749,37.1835267633817,1.77447056710294e-06
3,-80.5515978994749,37.1840070035017,3.04377481418963e-06
3,-80.5515978994749,37.1844872436218,5.0788981626557e-06
3,-80.5515978994749,37.1849674837419,8.27089591546814e-06
3,-80.5515978994749,37.1854477238619,1.31305495439785e-05
3,-80.5515978994749,37.185927963982,2.03504948102886e-05
3,-80.5515978994749,37.1864082041021,3.07429888166391e-05
3,-80.5515978994749,37.1868884442221,4.53020005033415e-05
3,-80.5515978994749,37.1873686843422,6.51172938223424e-05
3,-80.5515978994749,37.1878489244622,9.13044049353468e-05
3,-80.5515978994749,37.1883291645823,0.000124886009056208
3,-80.5515978994749,37.1888094047023,0.000166638182640586
3,-80.5515978994749,37.1892896448224,0.000216914213245397
3,-80.5515978994749,37.1897698849425,0.000275467758249134
3,-80.5515978994749,37.1902501250625,0.000341304646574646
3,-80.5515978994749,37.1907303651826,0.000412596023007729
3,-80.5515978994749,37.1912106053027,0.00048668277030542
3,-80.5515978994749,37.1916908454227,0.000560191207889051
3,-80.5515978994749,37.1921710855428,0.00062926362565822
3,-80.5515978994749,37.1926513256628,0.000689886811281969
3,-80.5515978994749,37.1931315657829,0.000738281446809856
3,-80.5515978994749,37.1936118059029,0.000771299808175241
3,-80.5515978994749,37.194092046023,0.000786772731107265
3,-80.5515978994749,37.1945722861431,0.000783751625146933
3,-80.5515978994749,37.1950525262631,0.000762607111943378
3,-80.5515978994749,37.1955327663832,0.000724969599448931
3,-80.5515978994749,37.1960130065033,0.000673523723211898
3,-80.5515978994749,37.1964932466233,0.000611692323454764
3,-80.5515978994749,37.1969734867434,0.000543261529039315
3,-80.5515978994749,37.1974537268634,0.000472003707436498
3,-80.5515978994749,37.1979339669835,0.00040134932817116
3,-80.5515978994749,37.1984142071035,0.000334144512369504
3,-80.5515978994749,37.1988944472236,0.000272512209967329
3,-80.5515978994749,37.1993746873437,0.00021781602731199
3,-80.5515978994749,37.1998549274637,0.00017071048350063
3,-80.5515978994749,37.2003351675838,0.000131252166180644
3,-80.5515978994749,37.2008154077038,9.90433951423301e-05
3,-80.5515978994749,37.2012956478239,7.33825952052123e-05
3,-80.5515978994749,37.201775887944,5.34017273582093e-05
3,-80.5515978994749,37.202256128064,3.81786930971768e-05
3,-80.5515978994749,37.2027363681841,2.68197988964234e-05
3,-80.5515978994749,37.2032166083041,1.85129742440349e-05
3,-80.5515978994749,37.2036968484242,1.25560083932645e-05
3,-80.5515978994749,37.2041770885443,8.36570881377868e-06
3,-80.5515978994749,37.2046573286643,5.47403309851144e-06
3,-80.5515978994749,37.2051375687844,3.50115147379153e-06
3,-80.5515978994749,37.2056178089044,2.19648826793673e-06
3,-80.5515978994749,37.2060980490245,1.29775853628315e-06
3,-80.5515978994749,37.2065782891446,7.27253650234988e-07
3,-80.5515978994749,37.2070585292646,4.21646942755501e-07
3,-80.5515978994749,37.2075387693847,2.44299490812287e-07
3,-80.5515978994749,37.2080190095048,1.38831770651396e-07
3,-80.5515978994749,37.2084992496248,7.91000679481358e-08
3,-80.5515978994749,37.2089794897449,4.08624813173373e-08
3,-80.5515978994749,37.2094597298649,2.22149702478517e-08
3,-80.5515978994749,37.209939969985,2.77121321285168e-09
3,-80.5515978994749,37.210420210105,0
3,-80.5515978994749,37.2109004502251,0
3,-80.5515978994749,37.2113806903452,0
3,-80.5515978994749,37.2118609304652,0
3,-80.5515978994749,37.2123411705853,0
3,-80.5515978994749,37.2128214107054,0
3,-80.5515978994749,37.2133016508254,0
3,-80.5515978994749,37.2137818909455,0
3,-80.5515978994749,37.2142621310655,0
3,-80.5515978994749,37.2147423711856,0
3,-80.5511177794449,37.1806453226613,0
3,-80.5511177794449,37.1811255627814,1.51210106022609e-08
3,-80.5511177794449,37.1816058029015,6.04168851231575e-08
3,-80.5511177794449,37.1820860430215,2.45319477513778e-07
3,-80.5511177794449,37.1825662831416,6.0090460358067e-07
3,-80.5511177794449,37.1830465232616,1.12882998416324e-06
3,-80.5511177794449,37.1835267633817,2.00026257951179e-06
3,-80.5511177794449,37.1840070035017,3.44309992498154e-06
3,-80.5511177794449,37.1844872436218,5.76158024135968e-06
3,-80.5511177794449,37.1849674837419,9.41045550076206e-06
3,-80.5511177794449,37.1854477238619,1.49817012471055e-05
3,-80.5511177794449,37.185927963982,2.32890471479798e-05
3,-80.5511177794449,37.1864082041021,3.52811562428516e-05
3,-80.5511177794449,37.1868884442221,5.21350208925779e-05
3,-80.5511177794449,37.1873686843422,7.51486074368469e-05
3,-80.5511177794449,37.1878489244622,0.000105664091635456
3,-80.5511177794449,37.1883291645823,0.000144930967709051
3,-80.5511177794449,37.1888094047023,0.000193926178064801
3,-80.5511177794449,37.1892896448224,0.0002531452142747
3,-80.5511177794449,37.1897698849425,0.000322389109578099
3,-80.5511177794449,37.1902501250625,0.000400581522460886
3,-80.5511177794449,37.1907303651826,0.000485654804081591
3,-80.5511177794449,37.1912106053027,0.000574541487698832
3,-80.5511177794449,37.1916908454227,0.000663296679817954
3,-80.5511177794449,37.1921710855428,0.000747357952050125
3,-80.5511177794449,37.1926513256628,0.000821925346762771
3,-80.5511177794449,37.1931315657829,0.000882419727866308
3,-80.5511177794449,37.1936118059029,0.00092495852857328
3,-80.5511177794449,37.194092046023,0.000946779010704325
3,-80.5511177794449,37.1945722861431,0.000946543460167333
3,-80.5511177794449,37.1950525262631,0.000924478244946603
3,-80.5511177794449,37.1955327663832,0.000882326041588185
3,-80.5511177794449,37.1960130065033,0.000823121975268408
3,-80.5511177794449,37.1964932466233,0.000750833101316828
3,-80.5511177794449,37.1969734867434,0.00066992057259083
3,-80.5511177794449,37.1974537268634,0.000584891320750333
3,-80.5511177794449,37.1979339669835,0.000499900615198672
3,-80.5511177794449,37.1984142071035,0.00041845096131466
3,-80.5511177794449,37.1988944472236,0.000343211044967477
3,-80.5511177794449,37.1993746873437,0.000275956076472678
3,-80.5511177794449,37.1998549274637,0.000217612461241764
3,-80.5511177794449,37.2003351675838,0.000168378050510918
3,-80.5511177794449,37.2008154077038,0.000127885076507512
3,-80.5511177794449,37.2012956478239,9.53752339572213e-05
3,-80.5511177794449,37.201775887944,6.98630911913676e-05
3,-80.5511177794449,37.202256128064,5.02726237466604e-05
3,-80.5511177794449,37.2027363681841,3.55400181765048e-05
3,-80.5511177794449,37.2032166083041,2.4682573270195e-05
3,-80.5511177794449,37.2036968484242,1.68379211592941e-05
3,-80.5511177794449,37.2041770885443,1.12799632840306e-05
3,-80.5511177794449,37.2046573286643,7.41834063044279e-06
3,-80.5511177794449,37.2051375687844,4.77467406962562e-06
3,-80.5511177794449,37.2056178089044,3.00926119392299e-06
3,-80.5511177794449,37.2060980490245,1.79884864522262e-06
3,-80.5511177794449,37.2065782891446,1.01975470948748e-06
3,-80.5511177794449,37.2070585292646,5.92422280766601e-07
3,-80.5511177794449,37.2075387693847,3.43040444151358e-07
3,-80.5511177794449,37.2080190095048,1.94969923026731e-07
3,-80.5511177794449,37.2084992496248,1.11069032000033e-07
3,-80.5511177794449,37.2089794897449,5.73164306952057e-08
3,-80.5511177794449,37.2094597298649,3.11592792965229e-08
3,-80.5511177794449,37.209939969985,3.85312769688433e-09
3,-80.5511177794449,37.210420210105,0
3,-80.5511177794449,37.2109004502251,0
3,-80.5511177794449,37.2113806903452,0
3,-80.5511177794449,37.2118609304652,0
3,-80.5511177794449,37.2123411705853,0
3,-80.5511177794449,37.2128214107054,0
3,-80.5511177794449,37.2133016508254,0
3,-80.5511177794449,37.2137818909455,0
3,-80.5511177794449,37.2142621310655,0
3,-80.5511177794449,37.2147423711856,0
3,-80.5506376594148,37.1806453226613,0
3,-80.5506376594148,37.1811255627814,1.23998603108269e-08
3,-80.5506376594148,37.1816058029015,6.08514505277989e-08
3,-80.5506376594148,37.1820860430215,2.60553603168135e-07
3,-80.5506376594148,37.1825662831416,6.62217213580221e-07
3,-80.5506376594148,37.1830465232616,1.25595051460408e-06
3,-80.5506376594148,37.1835267633817,2.23518643531038e-06
3,-80.5506376594148,37.1840070035017,3.85988096605586e-06
3,-80.5506376594148,37.1844872436218,6.47508652207221e-06
3,-80.5506376594148,37.1849674837419,1.06036909060348e-05
3,-80.5506376594148,37.1854477238619,1.69230770178184e-05
3,-80.5506376594148,37.185927963982,2.63775834627376e-05
3,-80.5506376594148,37.1864082041021,4.005966906327e-05
3,-80.5506376594148,37.1868884442221,5.93437860399807e-05
3,-80.5506376594148,37.1873686843422,8.57530147488044e-05
3,-80.5506376594148,37.1878489244622,0.00012087658338554
3,-80.5506376594148,37.1883291645823,0.000166214117413286
3,-80.5506376594148,37.1888094047023,0.000222968329418607
3,-80.5506376594148,37.1892896448224,0.000291801299662294
3,-80.5506376594148,37.1897698849425,0.000372582404537072
3,-80.5506376594148,37.1902501250625,0.000464167175885514
3,-80.5506376594148,37.1907303651826,0.000564252535783423
3,-80.5506376594148,37.1912106053027,0.000669351870421404
3,-80.5506376594148,37.1916908454227,0.000774921528199094
3,-80.5506376594148,37.1921710855428,0.000875649004200697
3,-80.5506376594148,37.1926513256628,0.000965885370751519
3,-80.5506376594148,37.1931315657829,0.00104017577530308
3,-80.5506376594148,37.1936118059029,0.00109381856117508
3,-80.5506376594148,37.194092046023,0.00112337178568331
3,-80.5506376594148,37.1945722861431,0.00112702938715386
3,-80.5506376594148,37.1950525262631,0.00110480826252771
3,-80.5506376594148,37.1955327663832,0.00105851851850723
3,-80.5506376594148,37.1960130065033,0.000991525582208195
3,-80.5506376594148,37.1964932466233,0.000908346804950498
3,-80.5506376594148,37.1969734867434,0.000814149532107499
3,-80.5506376594148,37.1974537268634,0.000714227805995042
3,-80.5506376594148,37.1979339669835,0.000613529994141487
3,-80.5506376594148,37.1984142071035,0.00051629231944997
3,-80.5506376594148,37.1988944472236,0.000425808652059858
3,-80.5506376594148,37.1993746873437,0.000344341053048081
3,-80.5506376594148,37.1998549274637,0.000273153764852883
3,-80.5506376594148,37.2003351675838,0.000212639056846316
3,-80.5506376594148,37.2008154077038,0.000162497643121487
3,-80.5506376594148,37.2012956478239,0.000121938286623217
3,-80.5506376594148,37.201775887944,8.98683312332571e-05
3,-80.5506376594148,37.202256128064,6.50564574700374e-05
3,-80.5506376594148,37.2027363681841,4.62584632501609e-05
3,-80.5506376594148,37.2032166083041,3.23046488133193e-05
3,-80.5506376594148,37.2036968484242,2.21526703517001e-05
3,-80.5506376594148,37.2041770885443,1.49125243286635e-05
3,-80.5506376594148,37.2046573286643,9.85112151759047e-06
3,-80.5506376594148,37.2051375687844,6.37281483319487e-06
3,-80.5506376594148,37.2056178089044,4.03293338867125e-06
3,-80.5506376594148,37.2060980490245,2.43462387743934e-06
3,-80.5506376594148,37.2065782891446,1.39438572713561e-06
3,-80.5506376594148,37.2070585292646,8.11576767160037e-07
3,-80.5506376594148,37.2075387693847,4.69615651561653e-07
3,-80.5506376594148,37.2080190095048,2.66929698258825e-07
3,-80.5506376594148,37.2084992496248,1.52037073843059e-07
3,-80.5506376594148,37.2089794897449,7.83700539322119e-08
3,-80.5506376594148,37.2094597298649,4.26035266722291e-08
3,-80.5506376594148,37.209939969985,5.2220247367494e-09
3,-80.5506376594148,37.210420210105,0
3,-80.5506376594148,37.2109004502251,0
3,-80.5506376594148,37.2113806903452,0
3,-80.5506376594148,37.2118609304652,0
3,-80.5506376594148,37.2123411705853,0
3,-80.5506376594148,37.2128214107054,0
3,-80.5506376594148,37.2133016508254,0
3,-80.5506376594148,37.2137818909455,0
3,-80.5506376594148,37.2142621310655,0
3,-80.5506376594148,37.2147423711856,0
3,-80.5501575393848,37.1806453226613,0
3,-80.5501575393848,37.1811255627814,9.91139601051e-09
3,-80.5501575393848,37.1816058029015,6.15490969712523e-08
3,-80.5501575393848,37.1820860430215,2.73746276817503e-07
3,-80.5501575393848,37.1825662831416,7.21284980855396e-07
3,-80.5501575393848,37.1830465232616,1.38132930583924e-06
3,-80.5501575393848,37.1835267633817,2.46900157226236e-06
3,-80.5501575393848,37.1840070035017,4.27650417724215e-06
3,-80.5501575393848,37.1844872436218,7.1897300201597e-06
3,-80.5501575393848,37.1849674837419,1.18019067404421e-05
3,-80.5501575393848,37.1854477238619,1.88767457445565e-05
3,-80.5501575393848,37.185927963982,2.9494783085092e-05
3,-80.5501575393848,37.1864082041021,4.48942626751224e-05
3,-80.5501575393848,37.1868884442221,6.66556330027858e-05
3,-80.5501575393848,37.1873686843422,9.65374448605764e-05
3,-80.5501575393848,37.1878489244622,0.000136389858972374
3,-80.5501575393848,37.1883291645823,0.000187980269177096
3,-80.5501575393848,37.1888094047023,0.000252758307740252
3,-80.5501575393848,37.1892896448224,0.000331576383814943
3,-80.5501575393848,37.1897698849425,0.000424396800304306
3,-80.5501575393848,37.1902501250625,0.000530029774766834
3,-80.5501575393848,37.1907303651826,0.000645954482027747
3,-80.5501575393848,37.1912106053027,0.00076827392281346
3,-80.5501575393848,37.1916908454227,0.000891841811686638
3,-80.5501575393848,37.1921710855428,0.00101057604466887
3,-80.5501575393848,37.1926513256628,0.0011179419174191
3,-80.5501575393848,37.1931315657829,0.00120755506474399
3,-80.5501575393848,37.1936118059029,0.00127382649788313
3,-80.5501575393848,37.194092046023,0.00131255714325199
3,-80.5501575393848,37.1945722861431,0.00132139153996114
3,-80.5501575393848,37.1950525262631,0.00130006052114544
3,-80.5501575393848,37.1955327663832,0.00125037709471494
3,-80.5501575393848,37.1960130065033,0.00117599108878892
3,-80.5501575393848,37.1964932466233,0.00108194747502507
3,-80.5501575393848,37.1969734867434,0.000974122347300108
3,-80.5501575393848,37.1974537268634,0.000858623844245332
3,-80.5501575393848,37.1979339669835,0.000741241447572268
3,-80.5501575393848,37.1984142071035,0.000627008726866356
3,-80.5501575393848,37.1988944472236,0.000519917367981572
3,-80.5501575393848,37.1993746873437,0.000422791027008174
3,-80.5501575393848,37.1998549274637,0.000337302324648719
3,-80.5501575393848,37.2003351675838,0.000264099211968766
3,-80.5501575393848,37.2008154077038,0.000202999446045822
3,-80.5501575393848,37.2012956478239,0.000153213071615806
3,-80.5501575393848,37.201775887944,0.000113560087056138
3,-80.5501575393848,37.202256128064,8.26607822654553e-05
3,-80.5501575393848,37.2027363681841,5.90867832300715e-05
3,-80.5501575393848,37.2032166083041,4.14696851601746e-05
3,-80.5501575393848,37.2036968484242,2.85703714028835e-05
3,-80.5501575393848,37.2041770885443,1.93156251026323e-05
3,-80.5501575393848,37.2046573286643,1.28099212327193e-05
3,-80.5501575393848,37.2051375687844,8.32159422803669e-06
3,-80.5501575393848,37.2056178089044,5.28518213003007e-06
3,-80.5501575393848,37.2060980490245,3.21711792076523e-06
3,-80.5501575393848,37.2065782891446,1.85937560929741e-06
3,-80.5501575393848,37.2070585292646,1.0840923405552e-06
3,-80.5501575393848,37.2075387693847,6.26807230632035e-07
3,-80.5501575393848,37.2080190095048,3.56271018922736e-07
3,-80.5501575393848,37.2084992496248,2.02883938225158e-07
3,-80.5501575393848,37.2089794897449,1.04457114990544e-07
3,-80.5501575393848,37.2094597298649,5.67832758839909e-08
3,-80.5501575393848,37.209939969985,6.89837038271907e-09
3,-80.5501575393848,37.210420210105,0
3,-80.5501575393848,37.2109004502251,0
3,-80.5501575393848,37.2113806903452,0
3,-80.5501575393848,37.2118609304652,0
3,-80.5501575393848,37.2123411705853,0
3,-80.5501575393848,37.2128214107054,0
3,-80.5501575393848,37.2133016508254,0
3,-80.5501575393848,37.2137818909455,0
3,-80.5501575393848,37.2142621310655,0
3,-80.5501575393848,37.2147423711856,0
3,-80.5496774193548,37.1806453226613,0
3,-80.5496774193548,37.1811255627814,7.72209119310829e-09
3,-80.5496774193548,37.1816058029015,6.23207220009628e-08
3,-80.5496774193548,37.1820860430215,2.83744200611988e-07
3,-80.5496774193548,37.1825662831416,7.74461777926998e-07
3,-80.5496774193548,37.1830465232616,1.49802816295133e-06
3,-80.5496774193548,37.1835267633817,2.68955214016417e-06
3,-80.5496774193548,37.1840070035017,4.67196512292765e-06
3,-80.5496774193548,37.1844872436218,7.87007424505114e-06
3,-80.5496774193548,37.1849674837419,1.29468502026259e-05
3,-80.5496774193548,37.1854477238619,2.07493121208266e-05
3,-80.5496774193548,37.185927963982,3.2494769225054e-05
3,-80.5496774193548,37.1864082041021,4.95627653003806e-05
3,-80.5496774193548,37.1868884442221,7.37407631823553e-05
3,-80.5496774193548,37.1873686843422,0.000107024741711362
3,-80.5496774193548,37.1878489244622,0.000151531070438578
3,-80.5496774193548,37.1883291645823,0.000209304703820271
3,-80.5496774193548,37.1888094047023,0.000282057518862317
3,-80.5496774193548,37.1892896448224,0.000370853644787242
3,-80.5496774193548,37.1897698849425,0.000475775484114243
3,-80.5496774193548,37.1902501250625,0.000595619500012487
3,-80.5496774193548,37.1907303651826,0.000727680396502315
3,-80.5496774193548,37.1912106053027,0.0008676818885378
3,-80.5496774193548,37.1916908454227,0.00100989919029351
3,-80.5496774193548,37.1921710855428,0.00114749268687121
3,-80.5496774193548,37.1926513256628,0.0012730373926103
3,-80.5496774193548,37.1931315657829,0.00137919521763513
3,-80.5496774193548,37.1936118059029,0.00145944503972279
3,-80.5496774193548,37.194092046023,0.00150876712301425
3,-80.5496774193548,37.1945722861431,0.00152417901560415
3,-80.5496774193548,37.1950525262631,0.00150504087866406
3,-80.5496774193548,37.1955327663832,0.00145308551864713
3,-80.5496774193548,37.1960130065033,0.00137217435834755
3,-80.5496774193548,37.1964932466233,0.00126782524188385
3,-80.5496774193548,37.1969734867434,0.00114659191497494
3,-80.5496774193548,37.1974537268634,0.00101539181887621
3,-80.5496774193548,37.1979339669835,0.000880876497309199
3,-80.5496774193548,37.1984142071035,0.00074892003247591
3,-80.5496774193548,37.1988944472236,0.000624271518744289
3,-80.5496774193548,37.1993746873437,0.000510385145943305
3,-80.5496774193548,37.1998549274637,0.00040941289333341
3,-80.5496774193548,37.2003351675838,0.000322324853808484
3,-80.5496774193548,37.2008154077038,0.000249112669890169
3,-80.5496774193548,37.2012956478239,0.000189031658147167
3,-80.5496774193548,37.201775887944,0.000140844304006743
3,-80.5496774193548,37.202256128064,0.00010303859203036
3,-80.5496774193548,37.2027363681841,7.40060328147353e-05
3,-80.5496774193548,37.2032166083041,5.21740745501366e-05
3,-80.5496774193548,37.2036968484242,3.60947381717767e-05
3,-80.5496774193548,37.2041770885443,2.44956151219375e-05
3,-80.5496774193548,37.2046573286643,1.63012507856626e-05
3,-80.5496774193548,37.2051375687844,1.0626523136408e-05
3,-80.5496774193548,37.2056178089044,6.77041456990607e-06
3,-80.5496774193548,37.2060980490245,4.14991087185773e-06
3,-80.5496774193548,37.2065782891446,2.41790645718233e-06
3,-80.5496774193548,37.2070585292646,1.41200537528351e-06
3,-80.5496774193548,37.2075387693847,8.15667430285459e-07
3,-80.5496774193548,37.2080190095048,4.63578145888419e-07
3,-80.5496774193548,37.2084992496248,2.63930010985441e-07
3,-80.5496774193548,37.2089794897449,1.35719749281099e-07
3,-80.5496774193548,37.2094597298649,7.3775531969242e-08
3,-80.5496774193548,37.209939969985,8.88251917181861e-09
3,-80.5496774193548,37.210420210105,0
3,-80.5496774193548,37.2109004502251,0
3,-80.5496774193548,37.2113806903452,0
3,-80.5496774193548,37.2118609304652,0
3,-80.5496774193548,37.2123411705853,0
3,-80.5496774193548,37.2128214107054,0
3,-80.5496774193548,37.2133016508254,0
3,-80.5496774193548,37.2137818909455,0
3,-80.5496774193548,37.2142621310655,0
3,-80.5496774193548,37.2147423711856,0
3,-80.5491972993248,37.1806453226613,0
3,-80.5491972993248,37.1811255627814,5.86431222354732e-09
3,-80.5491972993248,37.1816058029015,6.29128980213343e-08
3,-80.5491972993248,37.1820860430215,2.89475493883266e-07
3,-80.5491972993248,37.1825662831416,8.18000168595126e-07
3,-80.5491972993248,37.1830465232616,1.59869133833573e-06
3,-80.5491972993248,37.1835267633817,2.88383966328013e-06
3,-80.5491972993248,37.1840070035017,5.02373814744578e-06
3,-80.5491972993248,37.1844872436218,8.47805231545166e-06
3,-80.5491972993248,37.1849674837419,1.39757666119902e-05
3,-80.5491972993248,37.1854477238619,2.24399256910427e-05
3,-80.5491972993248,37.185927963982,3.52194258946901e-05
3,-80.5491972993248,37.1864082041021,5.3823621033665e-05
3,-80.5491972993248,37.1868884442221,8.02393898592454e-05
3,-80.5491972993248,37.1873686843422,0.000116692437308952
3,-80.5491972993248,37.1878489244622,0.000165560505059538
3,-80.5491972993248,37.1883291645823,0.000229166346831738
3,-80.5491972993248,37.1888094047023,0.000309491777400639
3,-80.5491972993248,37.1892896448224,0.000407829940232543
3,-80.5491972993248,37.1897698849425,0.00052441162589282
3,-80.5491972993248,37.1902501250625,0.000658058904835203
3,-80.5491972993248,37.1907303651826,0.000805930733335985
3,-80.5491972993248,37.1912106053027,0.000963425872607148
3,-80.5491972993248,37.1916908454227,0.00112429529039294
3,-80.5491972993248,37.1921710855428,0.00128098894951756
3,-80.5491972993248,37.1926513256628,0.00142522396356192
3,-80.5491972993248,37.1931315657829,0.00154871942165086
3,-80.5491972993248,37.1936118059029,0.00164400679422056
3,-80.5491972993248,37.194092046023,0.00170520268570566
3,-80.5491972993248,37.1945722861431,0.0017286291599509
3,-80.5491972993248,37.1950525262631,0.00171318769144389
3,-80.5491972993248,37.1955327663832,0.00166043235209544
3,-80.5491972993248,37.1960130065033,0.00157433784155549
3,-80.5491972993248,37.1964932466233,0.00146080760277956
3,-80.5491972993248,37.1969734867434,0.00132700607640544
3,-80.5491972993248,37.1974537268634,0.00118061973425994
3,-80.5491972993248,37.1979339669835,0.0010291512598064
3,-80.5491972993248,37.1984142071035,0.000879332504432497
3,-80.5491972993248,37.1988944472236,0.000736710905252065
3,-80.5491972993248,37.1993746873437,0.000605428956045855
3,-80.5491972993248,37.1998549274637,0.000488184659624027
3,-80.5491972993248,37.2003351675838,0.00038633801048234
3,-80.5491972993248,37.2008154077038,0.000300116758370633
3,-80.5491972993248,37.2012956478239,0.000228873382457894
3,-80.5491972993248,37.201775887944,0.000171351732598701
3,-80.5491972993248,37.202256128064,0.00012593268452907
3,-80.5491972993248,37.2027363681841,9.08401281246069e-05
3,-80.5491972993248,37.2032166083041,6.42992636290517e-05
3,-80.5491972993248,37.2036968484242,4.46472359272332e-05
3,-80.5491972993248,37.2041770885443,3.0401291077325e-05
3,-80.5491972993248,37.2046573286643,2.0292249424793e-05
3,-80.5491972993248,37.2051375687844,1.32668166845113e-05
3,-80.5491972993248,37.2056178089044,8.47585194898587e-06
3,-80.5491972993248,37.2060980490245,5.22551528356303e-06
3,-80.5491972993248,37.2065782891446,3.0663976140833e-06
3,-80.5491972993248,37.2070585292646,1.79337127261261e-06
3,-80.5491972993248,37.2075387693847,1.03491992006972e-06
3,-80.5491972993248,37.2080190095048,5.88070940181416e-07
3,-80.5491972993248,37.2084992496248,3.34714218653147e-07
3,-80.5491972993248,37.2089794897449,1.71895884489742e-07
3,-80.5491972993248,37.2094597298649,9.34375702203248e-08
3,-80.5491972993248,37.209939969985,1.11482797923579e-08
3,-80.5491972993248,37.210420210105,0
3,-80.5491972993248,37.2109004502251,0
3,-80.5491972993248,37.2113806903452,0
3,-80.5491972993248,37.2118609304652,0
3,-80.5491972993248,37.2123411705853,0
3,-80.5491972993248,37.2128214107054,0
3,-80.5491972993248,37.2133016508254,0
3,-80.5491972993248,37.2137818909455,0
3,-80.5491972993248,37.2142621310655,0
3,-80.5491972993248,37.2147423711856,0
3,-80.5487171792948,37.1806453226613,0
3,-80.5487171792948,37.1811255627814,4.34091522532674e-09
3,-80.5487171792948,37.1816058029015,6.30496080774885e-08
3,-80.5487171792948,37.1820860430215,2.90097328417144e-07
3,-80.5487171792948,37.1825662831416,8.48464142118099e-07
3,-80.5487171792948,37.1830465232616,1.67629184170482e-06
3,-80.5487171792948,37.1835267633817,3.03929759742455e-06
3,-80.5487171792948,37.1840070035017,5.30987805414493e-06
3,-80.5487171792948,37.1844872436218,8.97646201892872e-06
3,-80.5487171792948,37.1849674837419,1.48270469767905e-05
3,-80.5487171792948,37.1854477238619,2.38491908057788e-05
3,-80.5487171792948,37.185927963982,3.75120502130122e-05
3,-80.5487171792948,37.1864082041021,5.74363131197588e-05
3,-80.5487171792948,37.1868884442221,8.57914891108989e-05
3,-80.5487171792948,37.1873686843422,0.000125014945646607
3,-80.5487171792948,37.1878489244622,0.000177729833025742
3,-80.5487171792948,37.1883291645823,0.000246526016482968
3,-80.5487171792948,37.1888094047023,0.000333653565507269
3,-80.5487171792948,37.1892896448224,0.000440645763154402
3,-80.5487171792948,37.1897698849425,0.000567908909694708
3,-80.5487171792948,37.1902501250625,0.000714335555822584
3,-80.5487171792948,37.1907303651826,0.000877011063690964
3,-80.5487171792948,37.1912106053027,0.00105108540594789
3,-80.5487171792948,37.1916908454227,0.00122986925758962
3,-80.5487171792948,37.1921710855428,0.00140518513051295
3,-80.5487171792948,37.1926513256628,0.00156796391274065
3,-80.5487171792948,37.1931315657829,0.00170903189358804
3,-80.5487171792948,37.1936118059029,0.00181999284932215
3,-80.5487171792948,37.194092046023,0.001894083832977
3,-80.5487171792948,37.1945722861431,0.00192687918179112
3,-80.5487171792948,37.1950525262631,0.00191673733673843
3,-80.5487171792948,37.1955327663832,0.00186492596908242
3,-80.5487171792948,37.1960130065033,0.00177541410362616
3,-80.5487171792948,37.1964932466233,0.00165437394542456
3,-80.5487171792948,37.1969734867434,0.00150947858131441
3,-80.5487171792948,37.1974537268634,0.00134910630837642
3,-80.5487171792948,37.1979339669835,0.00118156469494571
3,-80.5487171792948,37.1984142071035,0.00101442965840434
3,-80.5487171792948,37.1988944472236,0.000854063172072739
3,-80.5487171792948,37.1993746873437,0.000705336132972684
3,-80.5487171792948,37.1998549274637,0.000571548581687426
3,-80.5487171792948,37.2003351675838,0.000454513801024625
3,-80.5487171792948,37.2008154077038,0.000354758598141138
3,-80.5487171792948,37.2012956478239,0.000271788978834264
3,-80.5487171792948,37.201775887944,0.000204375923404458
3,-80.5487171792948,37.202256128064,0.000150826538304718
3,-80.5487171792948,37.2027363681841,0.000109218066096056
3,-80.5487171792948,37.2032166083041,7.75835138506855e-05
3,-80.5487171792948,37.2036968484242,5.40465495277864e-05
3,-80.5487171792948,37.2041770885443,3.69093667641133e-05
3,-80.5487171792948,37.2046573286643,2.47006705992555e-05
3,-80.5487171792948,37.2051375687844,1.61886662363615e-05
3,-80.5487171792948,37.2056178089044,1.0367112438674e-05
3,-80.5487171792948,37.2060980490245,6.42252153303856e-06
3,-80.5487171792948,37.2065782891446,3.79265481655866e-06
3,-80.5487171792948,37.2070585292646,2.22115913646637e-06
3,-80.5487171792948,37.2075387693847,1.28033693429733e-06
3,-80.5487171792948,37.2080190095048,7.27289631138306e-07
3,-80.5487171792948,37.2084992496248,4.13814009509945e-07
3,-80.5487171792948,37.2089794897449,2.12229419294841e-07
3,-80.5487171792948,37.2094597298649,1.15358147057557e-07
3,-80.5487171792948,37.209939969985,1.36383435890967e-08
3,-80.5487171792948,37.210420210105,0
3,-80.5487171792948,37.2109004502251,0
3,-80.5487171792948,37.2113806903452,0
3,-80.5487171792948,37.2118609304652,0
3,-80.5487171792948,37.2123411705853,0
3,-80.5487171792948,37.2128214107054,0
3,-80.5487171792948,37.2133016508254,0
3,-80.5487171792948,37.2137818909455,0
3,-80.5487171792948,37.2142621310655,0
3,-80.5487171792948,37.2147423711856,0
3,-80.5482370592648,37.1806453226613,0
3,-80.5482370592648,37.1811255627814,3.13204206042121e-09
3,-80.5482370592648,37.1816058029015,6.24770679374843e-08
3,-80.5482370592648,37.1820860430215,2.85118685649818e-07
3,-80.5482370592648,37.1825662831416,8.63130335781383e-07
3,-80.5482370592648,37.1830465232616,1.72488932801836e-06
3,-80.5482370592648,37.1835267633817,3.1450951196287e-06
3,-80.5482370592648,37.1840070035017,5.51133461527311e-06
3,-80.5482370592648,37.1844872436218,9.33285863861612e-06
3,-80.5482370592648,37.1849674837419,1.54466034568101e-05
3,-80.5482370592648,37.1854477238619,2.4889363891699e-05
3,-80.5482370592648,37.185927963982,3.9233238668654e-05
3,-80.5482370592648,37.1864082041021,6.01855292007699e-05
3,-80.5482370592648,37.1868884442221,9.00726507701705e-05
3,-80.5482370592648,37.1873686843422,0.000131515436469242
3,-80.5482370592648,37.1878489244622,0.000187355310435107
3,-80.5482370592648,37.1883291645823,0.00026042717250965
3,-80.5482370592648,37.1888094047023,0.000353237262981085
3,-80.5482370592648,37.1892896448224,0.000467562262235146
3,-80.5482370592648,37.1897698849425,0.000604007518157329
3,-80.5482370592648,37.1902501250625,0.000761583369943509
3,-80.5482370592648,37.1907303651826,0.000937373623800247
3,-80.5482370592648,37.1912106053027,0.00112637377253348
3,-80.5482370592648,37.1916908454227,0.00132156446388293
3,-80.5482370592648,37.1921710855428,0.00151425704295452
3,-80.5482370592648,37.1926513256628,0.00169470590393278
3,-80.5482370592648,37.1931315657829,0.0018529341915418
3,-80.5482370592648,37.1936118059029,0.00197967520408539
3,-80.5482370592648,37.194092046023,0.00206730217256131
3,-80.5482370592648,37.1945722861431,0.00211061195546331
3,-80.5482370592648,37.1950525262631,0.00210734671059445
3,-80.5482370592648,37.1955327663832,0.0020583787993689
3,-80.5482370592648,37.1960130065033,0.00196753951297616
3,-80.5482370592648,37.1964932466233,0.00184112978411282
3,-80.5482370592648,37.1969734867434,0.00168719875293346
3,-80.5482370592648,37.1974537268634,0.00151470471051833
3,-80.5482370592648,37.1979339669835,0.00133267845202825
3,-80.5482370592648,37.1984142071035,0.00114949300026022
3,-80.5482370592648,37.1988944472236,0.000972312190496846
3,-80.5482370592648,37.1993746873437,0.000806752364152881
3,-80.5482370592648,37.1998549274637,0.000656754962372611
3,-80.5482370592648,37.2003351675838,0.000524639586696161
3,-80.5482370592648,37.2008154077038,0.000411290350825872
3,-80.5482370592648,37.2012956478239,0.000316423137613746
3,-80.5482370592648,37.201775887944,0.000238885386294214
3,-80.5482370592648,37.202256128064,0.00017694980381014
3,-80.5482370592648,37.2027363681841,0.000128575452734466
3,-80.5482370592648,37.2032166083041,9.16213178976611e-05
3,-80.5482370592648,37.2036968484242,6.40070728413371e-05
3,-80.5482370592648,37.2041770885443,4.38227329267858e-05
3,-80.5482370592648,37.2046573286643,2.93932760560385e-05
3,-80.5482370592648,37.2051375687844,1.93039139655383e-05
3,-80.5482370592648,37.2056178089044,1.23871903825157e-05
3,-80.5482370592648,37.2060980490245,7.70484522291712e-06
3,-80.5482370592648,37.2065782891446,4.57526385275469e-06
3,-80.5482370592648,37.2070585292646,2.68285966517836e-06
3,-80.5482370592648,37.2075387693847,1.54452576689853e-06
3,-80.5482370592648,37.2080190095048,8.76928234371643e-07
3,-80.5482370592648,37.2084992496248,4.98750404029192e-07
3,-80.5482370592648,37.2089794897449,2.55425138220715e-07
3,-80.5482370592648,37.2094597298649,1.38833036729232e-07
3,-80.5482370592648,37.209939969985,1.62628799525933e-08
3,-80.5482370592648,37.210420210105,0
3,-80.5482370592648,37.2109004502251,0
3,-80.5482370592648,37.2113806903452,0
3,-80.5482370592648,37.2118609304652,0
3,-80.5482370592648,37.2123411705853,0
3,-80.5482370592648,37.2128214107054,0
3,-80.5482370592648,37.2133016508254,0
3,-80.5482370592648,37.2137818909455,0
3,-80.5482370592648,37.2142621310655,0
3,-80.5482370592648,37.2147423711856,0
3,-80.5477569392348,37.1806453226613,0
3,-80.5477569392348,37.1811255627814,2.20270292228806e-09
3,-80.5477569392348,37.1816058029015,6.10039170311246e-08
3,-80.5477569392348,37.1820860430215,2.74477274107106e-07
3,-80.5477569392348,37.1825662831416,8.60317051143889e-07
3,-80.5477569392348,37.1830465232616,1.74029165713868e-06
3,-80.5477569392348,37.1835267633817,3.19328751423489e-06
3,-80.5477569392348,37.1840070035017,5.61387700626813e-06
3,-80.5477569392348,37.1844872436218,9.52278860661475e-06
3,-80.5477569392348,37.1849674837419,1.57931649689017e-05
3,-80.5477569392348,37.1854477238619,2.54928115159309e-05
3,-80.5477569392348,37.185927963982,4.02740636817947e-05
3,-80.5477569392348,37.1864082041021,6.19011643424398e-05
3,-80.5477569392348,37.1868884442221,9.28236793836149e-05
3,-80.5477569392348,37.1873686843422,0.000135808533129585
3,-80.5477569392348,37.1878489244622,0.000193877809318288
3,-80.5477569392348,37.1883291645823,0.00027007817125242
3,-80.5477569392348,37.1888094047023,0.000367148986463103
3,-80.5477569392348,37.1892896448224,0.000487104169628341
3,-80.5477569392348,37.1897698849425,0.000630765351487889
3,-80.5477569392348,37.1902501250625,0.000797306475355412
3,-80.5477569392348,37.1907303651826,0.000983886714129865
3,-80.5477569392348,37.1912106053027,0.00118545380864899
3,-80.5477569392348,37.1916908454227,0.00139478906277085
3,-80.5477569392348,37.1921710855428,0.00160283690259862
3,-80.5477569392348,37.1926513256628,0.00179931899600081
3,-80.5477569392348,37.1931315657829,0.00197358267096254
3,-80.5477569392348,37.1936118059029,0.00211558611040184
3,-80.5477569392348,37.194092046023,0.00221688956516129
3,-80.5477569392348,37.1945722861431,0.00227151136050728
3,-80.5477569392348,37.1950525262631,0.00227652362349847
3,-80.5477569392348,37.1955327663832,0.00223230300965771
3,-80.5477569392348,37.1960130065033,0.00214240796459451
3,-80.5477569392348,37.1964932466233,0.00201311416569019
3,-80.5477569392348,37.1969734867434,0.00185269113049217
3,-80.5477569392348,37.1974537268634,0.00167053563846545
3,-80.5477569392348,37.1979339669835,0.00147628672600526
3,-80.5477569392348,37.1984142071035,0.00127903352011651
3,-80.5477569392348,37.1988944472236,0.00108669689824477
3,-80.5477569392348,37.1993746873437,0.000905627479961604
3,-80.5477569392348,37.1998549274637,0.000740424561260842
3,-80.5477569392348,37.2003351675838,0.000593950151458153
3,-80.5477569392348,37.2008154077038,0.000467492994221057
3,-80.5477569392348,37.2012956478239,0.000361029843691335
3,-80.5477569392348,37.201775887944,0.000273533347018393
3,-80.5477569392348,37.202256128064,0.000203284386636055
3,-80.5477569392348,37.2027363681841,0.000148158242886791
3,-80.5477569392348,37.2032166083041,0.000105865684344088
3,-80.5477569392348,37.2036968484242,7.41403085057911e-05
3,-80.5477569392348,37.2041770885443,5.08713251079526e-05
3,-80.5477569392348,37.2046573286643,3.41863838099933e-05
3,-80.5477569392348,37.2051375687844,2.24903992935868e-05
3,-80.5477569392348,37.2056178089044,1.44566729835578e-05
3,-80.5477569392348,37.2060980490245,9.02186724254491e-06
3,-80.5477569392348,37.2065782891446,5.38358282785999e-06
3,-80.5477569392348,37.2070585292646,3.16046329735752e-06
3,-80.5477569392348,37.2075387693847,1.8169454361699e-06
3,-80.5477569392348,37.2080190095048,1.03088355241312e-06
3,-80.5477569392348,37.2084992496248,5.86016455856842e-07
3,-80.5477569392348,37.2089794897449,2.99667676863811e-07
3,-80.5477569392348,37.2094597298649,1.62875386476497e-07
3,-80.5477569392348,37.209939969985,1.89023302344111e-08
3,-80.5477569392348,37.210420210105,0
3,-80.5477569392348,37.2109004502251,0
3,-80.5477569392348,37.2113806903452,0
3,-80.5477569392348,37.2118609304652,0
3,-80.5477569392348,37.2123411705853,0
3,-80.5477569392348,37.2128214107054,0
3,-80.5477569392348,37.2133016508254,0
3,-80.5477569392348,37.2137818909455,0
3,-80.5477569392348,37.2142621310655,0
3,-80.5477569392348,37.2147423711856,0
3,-80.5472768192048,37.1806453226613,0
3,-80.5472768192048,37.1811255627814,1.50996309071297e-09
3,-80.5472768192048,37.1816058029015,5.85302296154413e-08
3,-80.5472768192048,37.1820860430215,2.58558011161073e-07
3,-80.5472768192048,37.1825662831416,8.395910404042e-07
3,-80.5472768192048,37.1830465232616,1.72052534468043e-06
3,-80.5472768192048,37.1835267633817,3.17965230308578e-06
3,-80.5472768192048,37.1840070035017,5.60962522567567e-06
3,-80.5472768192048,37.1844872436218,9.53240594102495e-06
3,-80.5472768192048,37.1849674837419,1.5842648544145e-05
3,-80.5472768192048,37.1854477238619,2.56191263281912e-05
3,-80.5472768192048,37.185927963982,4.05674175157185e-05
3,-80.5472768192048,37.1864082041021,6.24759160411575e-05
3,-80.5472768192048,37.1868884442221,9.38772271033657e-05
3,-80.5472768192048,37.1873686843422,0.000137639654551516
3,-80.5472768192048,37.1878489244622,0.000196919534434255
3,-80.5472768192048,37.1883291645823,0.000274932064633201
3,-80.5472768192048,37.1888094047023,0.000374616168653252
3,-80.5472768192048,37.1892896448224,0.000498206667601005
3,-80.5472768192048,37.1897698849425,0.000646750161855938
3,-80.5472768192048,37.1902501250625,0.000819624570032595
3,-80.5472768192048,37.1907303651826,0.00101414057441505
3,-80.5472768192048,37.1912106053027,0.00122531018381078
3,-80.5472768192048,37.1916908454227,0.00144585839932258
3,-80.5472768192048,37.1921710855428,0.00166652672863763
3,-80.5472768192048,37.1926513256628,0.00187667450753836
3,-80.5472768192048,37.1931315657829,0.00206513263214942
3,-80.5472768192048,37.1936118059029,0.00222121472866852
3,-80.5472768192048,37.194092046023,0.00233575433174101
3,-80.5472768192048,37.1945722861431,0.00240202264080398
3,-80.5472768192048,37.1950525262631,0.00241639446188503
3,-80.5472768192048,37.1955327663832,0.00237866830664443
3,-80.5472768192048,37.1960130065033,0.00229200250536966
3,-80.5472768192048,37.1964932466233,0.00216249067745102
3,-80.5472768192048,37.1969734867434,0.0019984541144581
3,-80.5472768192048,37.1974537268634,0.00180956507074867
3,-80.5472768192048,37.1979339669835,0.00160592800039511
3,-80.5472768192048,37.1984142071035,0.00139723561798374
3,-80.5472768192048,37.1988944472236,0.00119208855073354
3,-80.5472768192048,37.1993746873437,0.000997529589571167
3,-80.5472768192048,37.1998549274637,0.000818804961435087
3,-80.5472768192048,37.2003351675838,0.00065933278889557
3,-80.5472768192048,37.2008154077038,0.000520837164970387
3,-80.5472768192048,37.2012956478239,0.000403596052356756
3,-80.5472768192048,37.201775887944,0.000306750986374644
3,-80.5472768192048,37.202256128064,0.000228633364685444
3,-80.5472768192048,37.2027363681841,0.00016707267856293
3,-80.5472768192048,37.2032166083041,0.000119663607332449
3,-80.5472768192048,37.2036968484242,8.39795576680448e-05
3,-80.5472768192048,37.2041770885443,5.77289625393194e-05
3,-80.5472768192048,37.2046573286643,3.88571177112832e-05
3,-80.5472768192048,37.2051375687844,2.55993124734299e-05
3,-80.5472768192048,37.2056178089044,1.64784448361848e-05
3,-80.5472768192048,37.2060980490245,1.03113984362511e-05
3,-80.5472768192048,37.2065782891446,6.17946820900193e-06
3,-80.5472768192048,37.2070585292646,3.63145127714008e-06
3,-80.5472768192048,37.2075387693847,2.0845034210799e-06
3,-80.5472768192048,37.2080190095048,1.18156149737021e-06
3,-80.5472768192048,37.2084992496248,6.71253117360336e-07
3,-80.5472768192048,37.2089794897449,3.42716209429022e-07
3,-80.5472768192048,37.2094597298649,1.86267226328359e-07
3,-80.5472768192048,37.209939969985,2.14148628635827e-08
3,-80.5472768192048,37.210420210105,0
3,-80.5472768192048,37.2109004502251,0
3,-80.5472768192048,37.2113806903452,0
3,-80.5472768192048,37.2118609304652,0
3,-80.5472768192048,37.2123411705853,0
3,-80.5472768192048,37.2128214107054,0
3,-80.5472768192048,37.2133016508254,0
3,-80.5472768192048,37.2137818909455,0
3,-80.5472768192048,37.2142621310655,0
3,-80.5472768192048,37.2147423711856,0
3,-80.5467966991748,37.1806453226613,0
3,-80.5467966991748,37.1811255627814,1.00892479791605e-09
3,-80.5467966991748,37.1816058029015,5.50611566004598e-08
3,-80.5467966991748,37.1820860430215,2.38151160210148e-07
3,-80.5467966991748,37.1825662831416,8.01821871994055e-07
3,-80.5467966991748,37.1830465232616,1.66604969587324e-06
3,-80.5467966991748,37.1835267633817,3.10409970760276e-06
3,-80.5467966991748,37.1840070035017,5.49778518267389e-06
3,-80.5467966991748,37.1844872436218,9.35977295462026e-06
3,-80.5467966991748,37.1849674837419,1.55904074776852e-05
3,-80.5467966991748,37.1854477238619,2.52588735053226e-05
3,-80.5467966991748,37.185927963982,4.0094176026839e-05
3,-80.5467966991748,37.1864082041021,6.18750737041079e-05
3,-80.5467966991748,37.1868884442221,9.31729610915301e-05
3,-80.5467966991748,37.1873686843422,0.000136907940500237
3,-80.5467966991748,37.1878489244622,0.000196317829054986
3,-80.5467966991748,37.1883291645823,0.000274735237546932
3,-80.5467966991748,37.1888094047023,0.000375255837664504
3,-80.5467966991748,37.1892896448224,0.000500308927754514
3,-80.5467966991748,37.1897698849425,0.000651164618791172
3,-80.5467966991748,37.1902501250625,0.000827436145146737
3,-80.5467966991748,37.1907303651826,0.0010266553538916
3,-80.5467966991748,37.1912106053027,0.00124400814741875
3,-80.5467966991748,37.1916908454227,0.00147230941818474
3,-80.5467966991748,37.1921710855428,0.00170227155736264
3,-80.5467966991748,37.1926513256628,0.00192307890452836
3,-80.5467966991748,37.1931315657829,0.00212322907375622
3,-80.5467966991748,37.1936118059029,0.00229155106153594
3,-80.5467966991748,37.194092046023,0.00241827084654245
3,-80.5467966991748,37.1945722861431,0.00249597759911924
3,-80.5467966991748,37.1950525262631,0.00252035292450416
3,-80.5467966991748,37.1955327663832,0.00249056087281948
3,-80.5467966991748,37.1960130065033,0.00240925067277154
3,-80.5467966991748,37.1964932466233,0.00228218578876644
3,-80.5467966991748,37.1969734867434,0.00211756909519861
3,-80.5467966991748,37.1974537268634,0.00192517380192817
3,-80.5467966991748,37.1979339669835,0.00171540690885046
3,-80.5467966991748,37.1984142071035,0.00149842576386108
3,-80.5467966991748,37.1988944472236,0.00128340324511718
3,-80.5467966991748,37.1993746873437,0.00107800097834183
3,-80.5467966991748,37.1998549274637,0.000888071492556307
3,-80.5467966991748,37.2003351675838,0.000717576640404642
3,-80.5467966991748,37.2008154077038,0.000568685577432701
3,-80.5467966991748,37.2012956478239,0.000442002661203926
3,-80.5467966991748,37.201775887944,0.000336872806080608
3,-80.5467966991748,37.202256128064,0.00025171658000384
3,-80.5467966991748,37.2027363681841,0.000184356631560016
3,-80.5467966991748,37.2032166083041,0.000132308166235955
3,-80.5467966991748,37.2036968484242,9.30171375603897e-05
3,-80.5467966991748,37.2041770885443,6.40393473591791e-05
3,-80.5467966991748,37.2046573286643,4.31611635270488e-05
3,-80.5467966991748,37.2051375687844,2.84670414468303e-05
3,-80.5467966991748,37.2056178089044,1.83454152371929e-05
3,-80.5467966991748,37.2060980490245,1.15046352768796e-05
3,-80.5467966991748,37.2065782891446,6.92028931827253e-06
3,-80.5467966991748,37.2070585292646,4.07056537207916e-06
3,-80.5467966991748,37.2075387693847,2.33260620953549e-06
3,-80.5467966991748,37.2080190095048,1.32049781422417e-06
3,-80.5467966991748,37.2084992496248,7.49593750795468e-07
3,-80.5467966991748,37.2089794897449,3.82085337419782e-07
3,-80.5467966991748,37.2094597298649,2.07651970249677e-07
3,-80.5467966991748,37.209939969985,2.36481575559363e-08
3,-80.5467966991748,37.210420210105,0
3,-80.5467966991748,37.2109004502251,0
3,-80.5467966991748,37.2113806903452,0
3,-80.5467966991748,37.2118609304652,0
3,-80.5467966991748,37.2123411705853,0
3,-80.5467966991748,37.2128214107054,0
3,-80.5467966991748,37.2133016508254,0
3,-80.5467966991748,37.2137818909455,0
3,-80.5467966991748,37.2142621310655,0
3,-80.5467966991748,37.2147423711856,0
3,-80.5463165791448,37.1806453226613,0
3,-80.5463165791448,37.1811255627814,6.57102807380299e-10
3,-80.5463165791448,37.1816058029015,5.07040183964802e-08
3,-80.5463165791448,37.1820860430215,2.14358872143646e-07
3,-80.5463165791448,37.1825662831416,7.49078739219801e-07
3,-80.5463165791448,37.1830465232616,1.57968974788908e-06
3,-80.5463165791448,37.1835267633817,2.97061338603954e-06
3,-80.5463165791448,37.1840070035017,5.28463430741074e-06
3,-80.5463165791448,37.1844872436218,9.01484205407141e-06
3,-80.5463165791448,37.1849674837419,1.50513020332098e-05
3,-80.5463165791448,37.1854477238619,2.44338788424829e-05
3,-80.5463165791448,37.185927963982,3.88840329923812e-05
3,-80.5463165791448,37.1864082041021,6.01382640806291e-05
3,-80.5463165791448,37.1868884442221,9.07608886822478e-05
3,-80.5463165791448,37.1873686843422,0.000133672170758706
3,-80.5463165791448,37.1878489244622,0.000192135155275163
3,-80.5463165791448,37.1883291645823,0.000269543475902882
3,-80.5463165791448,37.1888094047023,0.000369099447230423
3,-80.5463165791448,37.1892896448224,0.000493391072881239
3,-80.5463165791448,37.1897698849425,0.000643899448038235
3,-80.5463165791448,37.1902501250625,0.000820492413368331
3,-80.5463165791448,37.1907303651826,0.00102098079475863
3,-80.5463165791448,37.1912106053027,0.00124082396544754
3,-80.5463165791448,37.1916908454227,0.00147306647174474
3,-80.5463165791448,37.1921710855428,0.00170856439188349
3,-80.5463165791448,37.1926513256628,0.00193652034087641
3,-80.5463165791448,37.1931315657829,0.00214529553735746
3,-80.5463165791448,37.1936118059029,0.00232341578368747
3,-80.5463165791448,37.194092046023,0.00246064687483559
3,-80.5463165791448,37.1945722861431,0.00254899387948088
3,-80.5463165791448,37.1950525262631,0.00258348387251866
3,-80.5463165791448,37.1955327663832,0.00256262303960904
3,-80.5463165791448,37.1960130065033,0.00248847044687067
3,-80.5463165791448,37.1964932466233,0.00236633136360927
3,-80.5463165791448,37.1969734867434,0.00220413024674702
3,-80.5463165791448,37.1974537268634,0.00201156621713756
3,-80.5463165791448,37.1979339669835,0.00179917508869779
3,-80.5463165791448,37.1984142071035,0.00157742020074421
3,-80.5463165791448,37.1988944472236,0.00135591303621376
3,-80.5463165791448,37.1993746873437,0.00114283097144434
3,-80.5463165791448,37.1998549274637,0.00094456180705142
3,-80.5463165791448,37.2003351675838,0.000765570348067924
3,-80.5463165791448,37.2008154077038,0.000608456228710605
3,-80.5463165791448,37.2012956478239,0.000474156540706211
3,-80.5463165791448,37.201775887944,0.000362241245348529
3,-80.5463165791448,37.202256128064,0.000271251803502818
3,-80.5463165791448,37.2027363681841,0.000199041237213159
3,-80.5463165791448,37.2032166083041,0.000143084317882634
3,-80.5463165791448,37.2036968484242,0.000100737656888411
3,-80.5463165791448,37.2041770885443,6.94397048870951e-05
3,-80.5463165791448,37.2046573286643,4.68491833943134e-05
3,-80.5463165791448,37.2051375687844,3.09263033795479e-05
3,-80.5463165791448,37.2056178089044,1.99479002399652e-05
3,-80.5463165791448,37.2060980490245,1.25309794350919e-05
3,-80.5463165791448,37.2065782891446,7.56193699422109e-06
3,-80.5463165791448,37.2070585292646,4.45158965894301e-06
3,-80.5463165791448,37.2075387693847,2.54621358309217e-06
3,-80.5463165791448,37.2080190095048,1.43896081610914e-06
3,-80.5463165791448,37.2084992496248,8.16047070460503e-07
3,-80.5463165791448,37.2089794897449,4.15242301694495e-07
3,-80.5463165791448,37.2094597298649,2.25659983708213e-07
3,-80.5463165791448,37.209939969985,2.54543132317697e-08
3,-80.5463165791448,37.210420210105,0
3,-80.5463165791448,37.2109004502251,0
3,-80.5463165791448,37.2113806903452,0
3,-80.5463165791448,37.2118609304652,0
3,-80.5463165791448,37.2123411705853,0
3,-80.5463165791448,37.2128214107054,0
3,-80.5463165791448,37.2133016508254,0
3,-80.5463165791448,37.2137818909455,0
3,-80.5463165791448,37.2142621310655,0
3,-80.5463165791448,37.2147423711856,0
3,-80.5458364591148,37.1806453226613,0
3,-80.5458364591148,37.1811255627814,4.171477544566e-10
3,-80.5458364591148,37.1816058029015,4.565067700935e-08
3,-80.5458364591148,37.1820860430215,1.88467263686272e-07
3,-80.5458364591148,37.1825662831416,6.84389841165623e-07
3,-80.5458364591148,37.1830465232616,1.46630647524438e-06
3,-80.5458364591148,37.1835267633817,2.78674950098648e-06
3,-80.5458364591148,37.1840070035017,4.9826732236083e-06
3,-80.5458364591148,37.1844872436218,8.51815889251794e-06
3,-80.5458364591148,37.1849674837419,1.42577678164701e-05
3,-80.5458364591148,37.1854477238619,2.31943571023666e-05
3,-80.5458364591148,37.185927963982,3.70115002024806e-05
3,-80.5458364591148,37.1864082041021,5.73739884920765e-05
3,-80.5458364591148,37.1868884442221,8.67942418045198e-05
3,-80.5458364591148,37.1873686843422,0.000128142005557942
3,-80.5458364591148,37.1878489244622,0.000184649064065941
3,-80.5458364591148,37.1883291645823,0.000259711620147886
3,-80.5458364591148,37.1888094047023,0.000356584002157756
3,-80.5458364591148,37.1892896448224,0.000477969667077685
3,-80.5458364591148,37.1897698849425,0.000625537530213303
3,-80.5458364591148,37.1902501250625,0.000799415784666429
3,-80.5458364591148,37.1907303651826,0.000997736421287195
3,-80.5458364591148,37.1912106053027,0.0012163155837988
3,-80.5458364591148,37.1916908454227,0.00144855227448496
3,-80.5458364591148,37.1921710855428,0.00168560771131676
3,-80.5458364591148,37.1926513256628,0.00191689060797112
3,-80.5458364591148,37.1931315657829,0.00213082502723467
3,-80.5458364591148,37.1936118059029,0.00231582627945245
3,-80.5458364591148,37.194092046023,0.00246136754743582
3,-80.5458364591148,37.1945722861431,0.00255899564034476
3,-80.5458364591148,37.1950525262631,0.00260315501617213
3,-80.5458364591148,37.1955327663832,0.00259170588890882
3,-80.5458364591148,37.1960130065033,0.00252606973915343
3,-80.5458364591148,37.1964932466233,0.00241099398027076
3,-80.5458364591148,37.1969734867434,0.00225398481200492
3,-80.5458364591148,37.1974537268634,0.00206450226554083
3,-80.5458364591148,37.1979339669835,0.00185303656266128
3,-80.5458364591148,37.1984142071035,0.0016301877101271
3,-80.5458364591148,37.1988944472236,0.0014058532896243
3,-80.5458364591148,37.1993746873437,0.00118859890643698
3,-80.5458364591148,37.1998549274637,0.000985249527225129
3,-80.5458364591148,37.2003351675838,0.000800705269772425
3,-80.5458364591148,37.2008154077038,0.000637957418758095
3,-80.5458364591148,37.2012956478239,0.000498262234297119
3,-80.5458364591148,37.201775887944,0.0003814217677851
3,-80.5458364591148,37.202256128064,0.000286120943665769
3,-80.5458364591148,37.2027363681841,0.000210276269450074
3,-80.5458364591148,37.2032166083041,0.000151361213450791
3,-80.5458364591148,37.2036968484242,0.000106684367767828
3,-80.5458364591148,37.2041770885443,7.36073329890114e-05
3,-80.5458364591148,37.2046573286643,4.96986903492776e-05
3,-80.5458364591148,37.2051375687844,3.28274444874311e-05
3,-80.5458364591148,37.2056178089044,2.11875264175907e-05
3,-80.5458364591148,37.2060980490245,1.33269359104498e-05
3,-80.5458364591148,37.2065782891446,8.06435622992467e-06
3,-80.5458364591148,37.2070585292646,4.75063068707019e-06
3,-80.5458364591148,37.2075387693847,2.71174094368005e-06
3,-80.5458364591148,37.2080190095048,1.52907326575803e-06
3,-80.5458364591148,37.2084992496248,8.66093776378207e-07
3,-80.5458364591148,37.2089794897449,4.39914510064221e-07
3,-80.5458364591148,37.2094597298649,2.39051902189011e-07
3,-80.5458364591148,37.209939969985,2.67059184942102e-08
3,-80.5458364591148,37.210420210105,0
3,-80.5458364591148,37.2109004502251,0
3,-80.5458364591148,37.2113806903452,0
3,-80.5458364591148,37.2118609304652,0
3,-80.5458364591148,37.2123411705853,0
3,-80.5458364591148,37.2128214107054,0
3,-80.5458364591148,37.2133016508254,0
3,-80.5458364591148,37.2137818909455,0
3,-80.5458364591148,37.2142621310655,0
3,-80.5458364591148,37.2147423711856,0
3,-80.5453563390848,37.1806453226613,0
3,-80.5453563390848,37.1811255627814,2.5812410238697e-10
3,-80.5453563390848,37.1816058029015,4.01494100978519e-08
3,-80.5453563390848,37.1820860430215,1.61805679472672e-07
3,-80.5453563390848,37.1825662831416,6.1140502057811e-07
3,-80.5453563390848,37.1830465232616,1.33226092746512e-06
3,-80.5453563390848,37.1835267633817,2.56278546548102e-06
3,-80.5453563390848,37.1840070035017,4.6092769608764e-06
3,-80.5453563390848,37.1844872436218,7.89861236714052e-06
3,-80.5453563390848,37.1849674837419,1.32562487664221e-05
3,-80.5453563390848,37.1854477238619,2.16133973432951e-05
3,-80.5453563390848,37.185927963982,3.45877365462198e-05
3,-80.5453563390848,37.1864082041021,5.3747734609215e-05
3,-80.5453563390848,37.1868884442221,8.1512694630608e-05
3,-80.5453563390848,37.1873686843422,0.000120655019760275
3,-80.5453563390848,37.1878489244622,0.000174321766076789
3,-80.5453563390848,37.1883291645823,0.000245854589178627
3,-80.5453563390848,37.1888094047023,0.000338503899075188
3,-80.5453563390848,37.1892896448224,0.000455040484240446
3,-80.5453563390848,37.1897698849425,0.000597288773464305
3,-80.5453563390848,37.1902501250625,0.000765629375372526
3,-80.5453563390848,37.1907303651826,0.000958539778051336
3,-80.5453563390848,37.1912106053027,0.00117225530780171
3,-80.5453563390848,37.1916908454227,0.00140063221698178
3,-80.5453563390848,37.1921710855428,0.00163527772928906
3,-80.5453563390848,37.1926513256628,0.00186597817788827
3,-80.5453563390848,37.1931315657829,0.00208141044270775
3,-80.5453563390848,37.1936118059029,0.0022700719679074
3,-80.5453563390848,37.194092046023,0.00242132112541505
3,-80.5453563390848,37.1945722861431,0.0025263926209462
3,-80.5453563390848,37.1950525262631,0.00257924896937438
3,-80.5453563390848,37.1955327663832,0.00257715063342013
3,-80.5453563390848,37.1960130065033,0.00252087026509675
3,-80.5453563390848,37.1964932466233,0.00241453180438469
3,-80.5453563390848,37.1969734867434,0.00226511160794853
3,-80.5453563390848,37.1974537268634,0.00208168530145414
3,-80.5453563390848,37.1979339669835,0.00187453268578124
3,-80.5453563390848,37.1984142071035,0.00165422042114239
3,-80.5453563390848,37.1988944472236,0.00143076984314333
3,-80.5453563390848,37.1993746873437,0.00121299037774135
3,-80.5453563390848,37.1998549274637,0.001008024783867
3,-80.5453563390848,37.2003351675838,0.000821117985455935
3,-80.5453563390848,37.2008154077038,0.000655592126155291
3,-80.5453563390848,37.2012956478239,0.000512989944879513
3,-80.5453563390848,37.201775887944,0.00039333756438566
3,-80.5453563390848,37.202256128064,0.000295475442146748
3,-80.5453563390848,37.2027363681841,0.000217410616789174
3,-80.5453563390848,37.2032166083041,0.000156652169626134
3,-80.5453563390848,37.2036968484242,0.00011050278374081
3,-80.5453563390848,37.2041770885443,7.62905646982263e-05
3,-80.5453563390848,37.2046573286643,5.15354993324548e-05
3,-80.5453563390848,37.2051375687844,3.40529425924779e-05
3,-80.5453563390848,37.2056178089044,2.19868140274216e-05
3,-80.5453563390848,37.2060980490245,1.3842328782494e-05
3,-80.5453563390848,37.2065782891446,8.39549580809737e-06
3,-80.5453563390848,37.2070585292646,4.94847563086794e-06
3,-80.5453563390848,37.2075387693847,2.81841525054884e-06
3,-80.5453563390848,37.2080190095048,1.58457067857439e-06
3,-80.5453563390848,37.2084992496248,8.96150288447517e-07
3,-80.5453563390848,37.2089794897449,4.54323431744932e-07
3,-80.5453563390848,37.2094597298649,2.4685917723705e-07
3,-80.5453563390848,37.209939969985,2.73108813572442e-08
3,-80.5453563390848,37.210420210105,0
3,-80.5453563390848,37.2109004502251,0
3,-80.5453563390848,37.2113806903452,0
3,-80.5453563390848,37.2118609304652,0
3,-80.5453563390848,37.2123411705853,0
3,-80.5453563390848,37.2128214107054,0
3,-80.5453563390848,37.2133016508254,0
3,-80.5453563390848,37.2137818909455,0
3,-80.5453563390848,37.2142621310655,0
3,-80.5453563390848,37.2147423711856,0
3,-80.5448762190548,37.1806453226613,0
3,-80.5448762190548,37.1811255627814,1.55685895376344e-10
3,-80.5448762190548,37.1816058029015,3.44718604985272e-08
3,-80.5448762190548,37.1820860430215,1.35614828185283e-07
3,-80.5448762190548,37.1825662831416,5.3401448164756e-07
3,-80.5448762190548,37.1830465232616,1.18475538407586e-06
3,-80.5448762190548,37.1835267633817,2.31065320522651e-06
3,-80.5448762190548,37.1840070035017,4.18485056026819e-06
3,-80.5448762190548,37.1844872436218,7.19036906530176e-06
3,-80.5448762190548,37.1849674837419,1.21022695790079e-05
3,-80.5448762190548,37.1854477238619,1.97791946615847e-05
3,-80.5448762190548,37.185927963982,3.17487180283942e-05
3,-80.5448762190548,37.1864082041021,4.94643212492012e-05
3,-80.5448762190548,37.1868884442221,7.52167186661548e-05
3,-80.5448762190548,37.1873686843422,0.00011164045752653
3,-80.5448762190548,37.1878489244622,0.00016175030264896
3,-80.5448762190548,37.1883291645823,0.000228780774205635
3,-80.5448762190548,37.1888094047023,0.0003159244040881
3,-80.5448762190548,37.1892896448224,0.000425969352415245
3,-80.5448762190548,37.1897698849425,0.000560856480820946
3,-80.5448762190548,37.1902501250625,0.000721198422002026
3,-80.5448762190548,37.1907303651826,0.000905824253410386
3,-80.5448762190548,37.1912106053027,0.00111142761025546
3,-80.5448762190548,37.1916908454227,0.00133239813291433
3,-80.5448762190548,37.1921710855428,0.00156090242516094
3,-80.5448762190548,37.1926513256628,0.00178725076575742
3,-80.5448762190548,37.1931315657829,0.00200054322901715
3,-80.5448762190548,37.1936118059029,0.00218954096540718
3,-80.5448762190548,37.194092046023,0.00234366488213138
3,-80.5448762190548,37.1945722861431,0.00245399463151169
3,-80.5448762190548,37.1950525262631,0.00251413294005079
3,-80.5448762190548,37.1955327663832,0.00252081659028246
3,-80.5448762190548,37.1960130065033,0.002474193032848
3,-80.5448762190548,37.1964932466233,0.00237773304976003
3,-80.5448762190548,37.1969734867434,0.00223780462371
3,-80.5448762190548,37.1974537268634,0.00206298050799098
3,-80.5448762190548,37.1979339669835,0.00186318363497683
3,-80.5448762190548,37.1984142071035,0.00164878625828823
3,-80.5448762190548,37.1988944472236,0.00142977098647059
3,-80.5448762190548,37.1993746873437,0.0012150388459315
3,-80.5448762190548,37.1998549274637,0.00101191765377193
3,-80.5448762190548,37.2003351675838,0.000825890144484027
3,-80.5448762190548,37.2008154077038,0.000660531230897464
3,-80.5448762190548,37.2012956478239,0.00051762125239831
3,-80.5448762190548,37.201775887944,0.000397388649341148
3,-80.5448762190548,37.202256128064,0.000298830924064713
3,-80.5448762190548,37.2027363681841,0.000220065475038551
3,-80.5448762190548,37.2032166083041,0.000158669768405791
3,-80.5448762190548,37.2036968484242,0.000111981075628462
3,-80.5448762190548,37.2041770885443,7.73376190570507e-05
3,-80.5448762190548,37.2046573286643,5.22538050064531e-05
3,-80.5448762190548,37.2051375687844,3.45310242148061e-05
3,-80.5448762190548,37.2056178089044,2.22981936956793e-05
3,-80.5448762190548,37.2060980490245,1.40461488959327e-05
3,-80.5448762190548,37.2065782891446,8.53505855241536e-06
3,-80.5448762190548,37.2070585292646,5.03284745460051e-06
3,-80.5448762190548,37.2075387693847,2.85955653831168e-06
3,-80.5448762190548,37.2080190095048,1.60157302063161e-06
3,-80.5448762190548,37.2084992496248,9.04006886339973e-07
3,-80.5448762190548,37.2089794897449,4.57403980398527e-07
3,-80.5448762190548,37.2094597298649,2.484997973969e-07
3,-80.5448762190548,37.209939969985,2.7223626219579e-08
3,-80.5448762190548,37.210420210105,0
3,-80.5448762190548,37.2109004502251,0
3,-80.5448762190548,37.2113806903452,0
3,-80.5448762190548,37.2118609304652,0
3,-80.5448762190548,37.2123411705853,0
3,-80.5448762190548,37.2128214107054,0
3,-80.5448762190548,37.2133016508254,0
3,-80.5448762190548,37.2137818909455,0
3,-80.5448762190548,37.2142621310655,0
3,-80.5448762190548,37.2147423711856,0
3,-80.5443960990248,37.1806453226613,0
3,-80.5443960990248,37.1811255627814,9.15275926898782e-11
3,-80.5443960990248,37.1816058029015,2.88807796010785e-08
3,-80.5443960990248,37.1820860430215,1.10941510513599e-07
3,-80.5443960990248,37.1825662831416,4.55978422983557e-07
3,-80.5443960990248,37.1830465232616,1.0311453311535e-06
3,-80.5443960990248,37.1835267633817,2.04280929928888e-06
3,-80.5443960990248,37.1840070035017,3.73089450110561e-06
3,-80.5443960990248,37.1844872436218,6.42962959926046e-06
3,-80.5443960990248,37.1849674837419,1.08551714768831e-05
3,-80.5443960990248,37.1854477238619,1.77866902115294e-05
3,-80.5443960990248,37.185927963982,2.86423644856599e-05
3,-80.5443960990248,37.1864082041021,4.47485132930433e-05
3,-80.5443960990248,37.1868884442221,6.82391526840173e-05
3,-80.5443960990248,37.1873686843422,0.000101578629731966
3,-80.5443960990248,37.1878489244622,0.000147610088976998
3,-80.5443960990248,37.1883291645823,0.000209415624762173
3,-80.5443960990248,37.1888094047023,0.000290081003625887
3,-80.5443960990248,37.1892896448224,0.000392363182862211
3,-80.5443960990248,37.1897698849425,0.000518276637153986
3,-80.5443960990248,37.1902501250625,0.000668635619097269
3,-80.5443960990248,37.1907303651826,0.00084261003235699
3,-80.5443960990248,37.1912106053027,0.0010373675216827
3,-80.5443960990248,37.1916908454227,0.00124787853316054
3,-80.5443960990248,37.1921710855428,0.00146695069271975
3,-80.5443960990248,37.1926513256628,0.00168553290356454
3,-80.5443960990248,37.1931315657829,0.00189329077879224
3,-80.5443960990248,37.1936118059029,0.00207940977140971
3,-80.5443960990248,37.194092046023,0.00223353954111553
3,-80.5443960990248,37.1945722861431,0.00234676210040267
3,-80.5443960990248,37.1950525262631,0.00241245458203423
3,-80.5443960990248,37.1955327663832,0.00242692853548152
3,-80.5443960990248,37.1960130065033,0.0023897598941284
3,-80.5443960990248,37.1964932466233,0.00230377080381956
3,-80.5443960990248,37.1969734867434,0.00217467686689697
3,-80.5443960990248,37.1974537268634,0.00201046080212183
3,-80.5443960990248,37.1979339669835,0.00182056756005681
3,-80.5443960990248,37.1984142071035,0.00161503163725373
3,-80.5443960990248,37.1988944472236,0.00140364404721514
3,-80.5443960990248,37.1993746873437,0.00119524730138351
3,-80.5443960990248,37.1998549274637,0.000997217510771607
3,-80.5443960990248,37.2003351675838,0.00081515986707086
3,-80.5443960990248,37.2008154077038,0.000652813171245458
3,-80.5443960990248,37.2012956478239,0.000512134958667843
3,-80.5443960990248,37.201775887944,0.000393523293533111
3,-80.5443960990248,37.202256128064,0.000296124749509128
3,-80.5443960990248,37.2027363681841,0.000218179314851087
3,-80.5443960990248,37.2032166083041,0.000157359973910749
3,-80.5443960990248,37.2036968484242,0.00011107522940038
3,-80.5443960990248,37.2041770885443,7.67146450373114e-05
3,-80.5443960990248,37.2046573286643,5.18287763609871e-05
3,-80.5443960990248,37.2051375687844,3.42442241025335e-05
3,-80.5443960990248,37.2056178089044,2.21096852210605e-05
3,-80.5443960990248,37.2060980490245,1.39302405821242e-05
3,-80.5443960990248,37.2065782891446,8.47691360276223e-06
3,-80.5443960990248,37.2070585292646,4.9998680597089e-06
3,-80.5443960990248,37.2075387693847,2.83338370515024e-06
3,-80.5443960990248,37.2080190095048,1.57905872363677e-06
3,-80.5443960990248,37.2084992496248,8.89101526115407e-07
3,-80.5443960990248,37.2089794897449,4.48937464953509e-07
3,-80.5443960990248,37.2094597298649,2.43849997281276e-07
3,-80.5443960990248,37.209939969985,2.6450768356875e-08
3,-80.5443960990248,37.210420210105,0
3,-80.5443960990248,37.2109004502251,0
3,-80.5443960990248,37.2113806903452,0
3,-80.5443960990248,37.2118609304652,0
3,-80.5443960990248,37.2123411705853,0
3,-80.5443960990248,37.2128214107054,0
3,-80.5443960990248,37.2133016508254,0
3,-80.5443960990248,37.2137818909455,0
3,-80.5443960990248,37.2142621310655,0
3,-80.5443960990248,37.2147423711856,0
3,-80.5439159789947,37.1806453226613,0
3,-80.5439159789947,37.1811255627814,5.24489589529126e-11
3,-80.5439159789947,37.1816058029015,2.36033414667413e-08
3,-80.5439159789947,37.1820860430215,8.85709617337545e-08
3,-80.5439159789947,37.1825662831416,3.8061485108993e-07
3,-80.5439159789947,37.1830465232616,8.78310603490565e-07
3,-80.5439159789947,37.1835267633817,1.77118552146378e-06
3,-80.5439159789947,37.1840070035017,3.26817257349811e-06
3,-80.5439159789947,37.1844872436218,5.65153132652986e-06
3,-80.5439159789947,37.1849674837419,9.57302773184455e-06
3,-80.5439159789947,37.1854477238619,1.57294157221046e-05
3,-80.5439159789947,37.185927963982,2.54158036528549e-05
3,-80.5439159789947,37.1864082041021,3.98256151501317e-05
3,-80.5439159789947,37.1868884442221,6.09163799468624e-05
3,-80.5439159789947,37.1873686843422,9.0959191058963e-05
3,-80.5439159789947,37.1878489244622,0.000132596051148802
3,-80.5439159789947,37.1883291645823,0.000188720717979991
3,-80.5439159789947,37.1888094047023,0.000262270971777299
3,-80.5439159789947,37.1892896448224,0.000355928407071656
3,-80.5439159789947,37.1897698849425,0.000471737837757081
3,-80.5439159789947,37.1902501250625,0.00061067796654746
3,-80.5439159789947,37.1907303651826,0.000772234712810648
3,-80.5439159789947,37.1912106053027,0.000954043897232237
3,-80.5439159789947,37.1916908454227,0.00115167594640989
3,-80.5439159789947,37.1921710855428,0.00135862803883795
3,-80.5439159789947,37.1926513256628,0.00156656719380923
3,-80.5439159789947,37.1931315657829,0.00176583308651516
3,-80.5439159789947,37.1936118059029,0.00194616723755484
3,-80.5439159789947,37.194092046023,0.00209759369230891
3,-80.5439159789947,37.1945722861431,0.00221134426620945
3,-80.5439159789947,37.1950525262631,0.00228070641930546
3,-80.5439159789947,37.1955327663832,0.00230167796763894
3,-80.5439159789947,37.1960130065033,0.0022733396460913
3,-80.5439159789947,37.1964932466233,0.00219789890268576
3,-80.5439159789947,37.1969734867434,0.00208040777407955
3,-80.5439159789947,37.1974537268634,0.0019282045905982
3,-80.5439159789947,37.1979339669835,0.00175016503282322
3,-80.5439159789947,37.1984142071035,0.00155586715793198
3,-80.5439159789947,37.1988944472236,0.00135477581602252
3,-80.5439159789947,37.1993746873437,0.00115553655123211
3,-80.5439159789947,37.1998549274637,0.000965442541363358
3,-80.5439159789947,37.2003351675838,0.000790106532048949
3,-80.5439159789947,37.2008154077038,0.000633338991172214
3,-80.5439159789947,37.2012956478239,0.000497208432804929
3,-80.5439159789947,37.201775887944,0.000382242733319784
3,-80.5439159789947,37.202256128064,0.000287722063687569
3,-80.5439159789947,37.2027363681841,0.000212013999240305
3,-80.5439159789947,37.2032166083041,0.000152907611237589
3,-80.5439159789947,37.2036968484242,0.000107913578539921
3,-80.5439159789947,37.2041770885443,7.45092539886937e-05
3,-80.5439159789947,37.2046573286643,5.03191790204424e-05
3,-80.5439159789947,37.2051375687844,3.32312525765302e-05
3,-80.5439159789947,37.2056178089044,2.14461878844597e-05
3,-80.5439159789947,37.2060980490245,1.35101670945076e-05
3,-80.5439159789947,37.2065782891446,8.22975098882581e-06
3,-80.5439159789947,37.2070585292646,4.85447991751449e-06
3,-80.5439159789947,37.2075387693847,2.74320832326314e-06
3,-80.5439159789947,37.2080190095048,1.51899030151285e-06
3,-80.5439159789947,37.2084992496248,8.5259350123653e-07
3,-80.5439159789947,37.2089794897449,4.29581096640373e-07
3,-80.5439159789947,37.2094597298649,2.33259688150588e-07
3,-80.5439159789947,37.209939969985,2.50502850646293e-08
3,-80.5439159789947,37.210420210105,0
3,-80.5439159789947,37.2109004502251,0
3,-80.5439159789947,37.2113806903452,0
3,-80.5439159789947,37.2118609304652,0
3,-80.5439159789947,37.2123411705853,0
3,-80.5439159789947,37.2128214107054,0
3,-80.5439159789947,37.2133016508254,0
3,-80.5439159789947,37.2137818909455,0
3,-80.5439159789947,37.2142621310655,0
3,-80.5439159789947,37.2147423711856,0
3,-80.5434358589647,37.1806453226613,0
3,-80.5434358589647,37.1811255627814,2.92956923450317e-11
3,-80.5434358589647,37.1816058029015,1.88131191682056e-08
3,-80.5434358589647,37.1820860430215,6.90001372353057e-08
3,-80.5434358589647,37.1825662831416,3.10578165356851e-07
3,-80.5434358589647,37.1830465232616,7.3215511964803e-07
3,-80.5434358589647,37.1835267633817,1.50633294533254e-06
3,-80.5434358589647,37.1840070035017,2.81519082223144e-06
3,-80.5434358589647,37.1844872436218,4.88755400049453e-06
3,-80.5434358589647,37.1849674837419,8.308328788416e-06
3,-80.5434358589647,37.1854477238619,1.36924972917772e-05
3,-80.5434358589647,37.185927963982,2.22042769870631e-05
3,-80.5434358589647,37.1864082041021,3.49043577904876e-05
3,-80.5434358589647,37.1868884442221,5.35625865131382e-05
3,-80.5434358589647,37.1873686843422,8.02433796118331e-05
3,-80.5434358589647,37.1878489244622,0.000117368609032339
3,-80.5434358589647,37.1883291645823,0.000167618400006765
3,-80.5434358589647,37.1888094047023,0.000233750839518919
3,-80.5434358589647,37.1892896448224,0.000318334922168376
3,-80.5434358589647,37.1897698849425,0.000423405199751545
3,-80.5434358589647,37.1902501250625,0.000550064472008469
3,-80.5434358589647,37.1907303651826,0.000698079554445071
3,-80.5434358589647,37.1912106053027,0.000865530539310567
3,-80.5434358589647,37.1916908454227,0.00104858142697512
3,-80.5434358589647,37.1921710855428,0.00124143566663678
3,-80.5434358589647,37.1926513256628,0.00143652212988442
3,-80.5434358589647,37.1931315657829,0.00162492646477917
3,-80.5434358589647,37.1936118059029,0.00179704406021447
3,-80.5434358589647,37.194092046023,0.00194339109841026
3,-80.5434358589647,37.1945722861431,0.00205547769314582
3,-80.5434358589647,37.1950525262631,0.00212662938126437
3,-80.5434358589647,37.1955327663832,0.00215264491825307
3,-80.5434358589647,37.1960130065033,0.00213219993137638
3,-80.5434358589647,37.1964932466233,0.0020669435964884
3,-80.5434358589647,37.1969734867434,0.00196128172935098
3,-80.5434358589647,37.1974537268634,0.00182188547029382
3,-80.5434358589647,37.1979339669835,0.00165700158663599
3,-80.5434358589647,37.1984142071035,0.00147566227018615
3,-80.5434358589647,37.1988944472236,0.00128689669982526
3,-80.5434358589647,37.1993746873437,0.00109903481078023
3,-80.5434358589647,37.1998549274637,0.000919169832577171
3,-80.5434358589647,37.2003351675838,0.000752815996514542
3,-80.5434358589647,37.2008154077038,0.000603767291721528
3,-80.5434358589647,37.2012956478239,0.000474137150227612
3,-80.5434358589647,37.201775887944,0.00036454060496986
3,-80.5434358589647,37.202256128064,0.00027437099781617
3,-80.5434358589647,37.2027363681841,0.000202122228380389
3,-80.5434358589647,37.2032166083041,0.000145713131874853
3,-80.5434358589647,37.2036968484242,0.000102780524980731
3,-80.5434358589647,37.2041770885443,7.09193280822705e-05
3,-80.5434358589647,37.2046573286643,4.78598297952142e-05
3,-80.5434358589647,37.2051375687844,3.15820102254203e-05
3,-80.5434358589647,37.2056178089044,2.03662594903439e-05
3,-80.5434358589647,37.2060980490245,1.28231678224755e-05
3,-80.5434358589647,37.2065782891446,7.81590478267997e-06
3,-80.5434358589647,37.2070585292646,4.60977550033751e-06
3,-80.5434358589647,37.2075387693847,2.59699423475601e-06
3,-80.5434358589647,37.2080190095048,1.42607095757996e-06
3,-80.5434358589647,37.2084992496248,7.97224386635708e-07
3,-80.5434358589647,37.2089794897449,4.00788990481116e-07
3,-80.5434358589647,37.2094597298649,2.1750893911948e-07
3,-80.5434358589647,37.209939969985,2.31243276248043e-08
3,-80.5434358589647,37.210420210105,0
3,-80.5434358589647,37.2109004502251,0
3,-80.5434358589647,37.2113806903452,0
3,-80.5434358589647,37.2118609304652,0
3,-80.5434358589647,37.2123411705853,0
3,-80.5434358589647,37.2128214107054,0
3,-80.5434358589647,37.2133016508254,0
3,-80.5434358589647,37.2137818909455,0
3,-80.5434358589647,37.2142621310655,0
3,-80.5434358589647,37.2147423711856,0
3,-80.5429557389347,37.1806453226613,0
3,-80.5429557389347,37.1811255627814,1.5949707432518e-11
3,-80.5429557389347,37.1816058029015,1.46218416469179e-08
3,-80.5429557389347,37.1820860430215,5.24482594164338e-08
3,-80.5429557389347,37.1825662831416,2.47742978725141e-07
3,-80.5429557389347,37.1830465232616,5.97277267726327e-07
3,-80.5429557389347,37.1835267633817,1.25682929893994e-06
3,-80.5429557389347,37.1840070035017,2.38711693422787e-06
3,-80.5429557389347,37.1844872436218,4.16365350409344e-06
3,-80.5429557389347,37.1849674837419,7.10481756627307e-06
3,-80.5429557389347,37.1854477238619,1.17474453695044e-05
3,-80.5429557389347,37.185927963982,1.91226996684416e-05
3,-80.5429557389347,37.1864082041021,3.01636658446441e-05
3,-80.5429557389347,37.1868884442221,4.64495246387692e-05
3,-80.5429557389347,37.1873686843422,6.98338303320732e-05
3,-80.5429557389347,37.1878489244622,0.000102509751128601
3,-80.5429557389347,37.1883291645823,0.000146929431297701
3,-80.5429557389347,37.1888094047023,0.000205650032859359
3,-80.5429557389347,37.1892896448224,0.000281099378277065
3,-80.5429557389347,37.1897698849425,0.00037526643648539
3,-80.5429557389347,37.1902501250625,0.000489338015084096
3,-80.5429557389347,37.1907303651826,0.0006233205096388
3,-80.5429557389347,37.1912106053027,0.000775700748480378
3,-80.5429557389347,37.1916908454227,0.000943208593705383
3,-80.5429557389347,37.1921710855428,0.00112074218726106
3,-80.5429557389347,37.1926513256628,0.00130150236608502
3,-80.5429557389347,37.1931315657829,0.00147735624806166
3,-80.5429557389347,37.1936118059029,0.00163941482258622
3,-80.5429557389347,37.194092046023,0.00177877177125912
3,-80.5429557389347,37.1945722861431,0.00188731836669169
3,-80.5429557389347,37.1950525262631,0.00195852947301317
3,-80.5429557389347,37.1955327663832,0.00198811346575128
3,-80.5429557389347,37.1960130065033,0.00197443567874553
3,-80.5429557389347,37.1964932466233,0.00191865796548121
3,-80.5429557389347,37.1969734867434,0.00182457975822866
3,-80.5429557389347,37.1974537268634,0.00169821023613059
3,-80.5429557389347,37.1979339669835,0.00154713851104381
3,-80.5429557389347,37.1984142071035,0.0013797926884214
3,-80.5429557389347,37.1988944472236,0.00120468607139764
3,-80.5429557389347,37.1993746873437,0.00102974006237305
3,-80.5429557389347,37.1998549274637,0.000861751958588057
3,-80.5429557389347,37.2003351675838,0.00070604721515386
3,-80.5429557389347,37.2008154077038,0.000566325729917038
3,-80.5429557389347,37.2012956478239,0.000444685391390236
3,-80.5429557389347,37.201775887944,0.000341787017331787
3,-80.5429557389347,37.202256128064,0.000257114455780829
3,-80.5429557389347,37.2027363681841,0.000189281781549136
3,-80.5429557389347,37.2032166083041,0.00013634461135037
3,-80.5429557389347,37.2036968484242,9.60822382633383e-05
3,-80.5429557389347,37.2041770885443,6.62290370990507e-05
3,-80.5429557389347,37.2046573286643,4.46451943030625e-05
3,-80.5429557389347,37.2051375687844,2.94266202513653e-05
3,-80.5429557389347,37.2056178089044,1.89549494424187e-05
3,-80.5429557389347,37.2060980490245,1.19235691965668e-05
3,-80.5429557389347,37.2065782891446,7.26855850904201e-06
3,-80.5429557389347,37.2070585292646,4.2853567058658e-06
3,-80.5429557389347,37.2075387693847,2.40636227560438e-06
3,-80.5429557389347,37.2080190095048,1.30717514544669e-06
3,-80.5429557389347,37.2084992496248,7.26990206489613e-07
3,-80.5429557389347,37.2089794897449,3.64638264182125e-07
3,-80.5429557389347,37.2094597298649,1.97713023297724e-07
3,-80.5429557389347,37.209939969985,2.08069113361355e-08
3,-80.5429557389347,37.210420210105,0
3,-80.5429557389347,37.2109004502251,0
3,-80.5429557389347,37.2113806903452,0
3,-80.5429557389347,37.2118609304652,0
3,-80.5429557389347,37.2123411705853,0
3,-80.5429557389347,37.2128214107054,0
3,-80.5429557389347,37.2133016508254,0
3,-80.5429557389347,37.2137818909455,0
3,-80.5429557389347,37.2142621310655,0
3,-80.5429557389347,37.2147423711856,0
3,-80.5424756189047,37.1806453226613,0
3,-80.5424756189047,37.1811255627814,0
3,-80.5424756189047,37.1816058029015,1.10644367036599e-08
3,-80.5424756189047,37.1820860430215,3.88671353654297e-08
3,-80.5424756189047,37.1825662831416,1.93138961781967e-07
3,-80.5424756189047,37.1830465232616,4.76735047122542e-07
3,-80.5424756189047,37.1835267633817,1.02882392262146e-06
3,-80.5424756189047,37.1840070035017,1.99494670297553e-06
3,-80.5424756189047,37.1844872436218,3.49882721285141e-06
3,-80.5424756189047,37.1849674837419,5.99503723224266e-06
3,-80.5424756189047,37.1854477238619,9.94810383150128e-06
3,-80.5424756189047,37.185927963982,1.62590216933855e-05
3,-80.5424756189047,37.1864082041021,2.57421794280079e-05
3,-80.5424756189047,37.1868884442221,3.97903654262357e-05
3,-80.5424756189047,37.1873686843422,6.0050278511987e-05
3,-80.5424756189047,37.1878489244622,8.84873385263232e-05
3,-80.5424756189047,37.1883291645823,0.000127321777488222
3,-80.5424756189047,37.1888094047023,0.000178899134662404
3,-80.5424756189047,37.1892896448224,0.000245487034610307
3,-80.5424756189047,37.1897698849425,0.000329000718918045
3,-80.5424756189047,37.1902501250625,0.000430674185763545
3,-80.5424756189047,37.1907303651826,0.000550709973176995
3,-80.5424756189047,37.1912106053027,0.000687955397100061
3,-80.5424756189047,37.1916908454227,0.000839662513536607
3,-80.5424756189047,37.1921710855428,0.00100138949115618
3,-80.5424756189047,37.1926513256628,0.00116709001923818
3,-80.5424756189047,37.1931315657829,0.00132941468538747
3,-80.5424756189047,37.1936118059029,0.00148021662317783
3,-80.5424756189047,37.194092046023,0.00161121849472444
3,-80.5424756189047,37.1945722861431,0.00171476605484669
3,-80.5424756189047,37.1950525262631,0.00178457222820751
3,-80.5424756189047,37.1955327663832,0.00181635016039271
3,-80.5424756189047,37.1960130065033,0.00180824618667003
3,-80.5424756189047,37.1964932466233,0.0017610122771947
3,-80.5424756189047,37.1969734867434,0.00167789685211267
3,-80.5424756189047,37.1974537268634,0.00156427520200848
3,-80.5424756189047,37.1979339669835,0.00142707795675615
3,-80.5424756189047,37.1984142071035,0.00127410145397644
3,-80.5424756189047,37.1988944472236,0.00111329369395564
3,-80.5424756189047,37.1993746873437,0.000952103533216783
3,-80.5424756189047,37.1998549274637,0.000796961725073682
3,-80.5424756189047,37.2003351675838,0.000652935362592315
3,-80.5424756189047,37.2008154077038,0.000523567995028082
3,-80.5424756189047,37.2012956478239,0.000410891418238182
3,-80.5424756189047,37.201775887944,0.000315575643104008
3,-80.5424756189047,37.202256128064,0.000237172653860448
3,-80.5424756189047,37.2027363681841,0.000174407232675965
3,-80.5424756189047,37.2032166083041,0.000125472844209957
3,-80.5424756189047,37.2036968484242,8.82999958201811e-05
3,-80.5424756189047,37.2041770885443,6.07760478586171e-05
3,-80.5424756189047,37.2046573286643,4.09068664412611e-05
3,-80.5424756189047,37.2051375687844,2.69203245686392e-05
3,-80.5424756189047,37.2056178089044,1.731389599582e-05
3,-80.5424756189047,37.2060980490245,1.08764272942687e-05
3,-80.5424756189047,37.2065782891446,6.62781258130829e-06
3,-80.5424756189047,37.2070585292646,3.90500658571267e-06
3,-80.5424756189047,37.2075387693847,2.18521125093755e-06
3,-80.5424756189047,37.2080190095048,1.17054984554877e-06
3,-80.5424756189047,37.2084992496248,6.46679913768352e-07
3,-80.5424756189047,37.2089794897449,3.23589462555235e-07
3,-80.5424756189047,37.2094597298649,1.75192074007475e-07
3,-80.5424756189047,37.209939969985,1.82485423807652e-08
3,-80.5424756189047,37.210420210105,0
3,-80.5424756189047,37.2109004502251,0
3,-80.5424756189047,37.2113806903452,0
3,-80.5424756189047,37.2118609304652,0
3,-80.5424756189047,37.2123411705853,0
3,-80.5424756189047,37.2128214107054,0
3,-80.5424756189047,37.2133016508254,0
3,-80.5424756189047,37.2137818909455,0
3,-80.5424756189047,37.2142621310655,0
3,-80.5424756189047,37.2147423711856,0
3,-80.5419954988747,37.1806453226613,0
3,-80.5419954988747,37.1811255627814,0
3,-80.5419954988747,37.1816058029015,8.17774709587191e-09
3,-80.5419954988747,37.1820860430215,2.8126274635952e-08
3,-80.5419954988747,37.1825662831416,1.47249697644942e-07
3,-80.5419954988747,37.1830465232616,3.72462295859398e-07
3,-80.5419954988747,37.1835267633817,8.26663288303315e-07
3,-80.5419954988747,37.1840070035017,1.64647490990556e-06
3,-80.5419954988747,37.1844872436218,2.90661022657305e-06
3,-80.5419954988747,37.1849674837419,5.00250805637746e-06
3,-80.5419954988747,37.1854477238619,8.33373885727104e-06
3,-80.5419954988747,37.185927963982,1.36783146838155e-05
3,-80.5419954988747,37.1864082041021,2.17435023271151e-05
3,-80.5419954988747,37.1868884442221,3.37460347632614e-05
3,-80.5419954988747,37.1873686843422,5.11366035949396e-05
3,-80.5419954988747,37.1878489244622,7.56620015057601e-05
3,-80.5419954988747,37.1883291645823,0.000109315832357592
3,-80.5419954988747,37.1888094047023,0.000154231032046323
3,-80.5419954988747,37.1892896448224,0.000212505371995898
3,-80.5419954988747,37.1897698849425,0.000285960115655278
3,-80.5419954988747,37.1902501250625,0.000375844718831011
3,-80.5419954988747,37.1907303651826,0.000482515308286058
3,-80.5419954988747,37.1912106053027,0.000605128870624552
3,-80.5419954988747,37.1916908454227,0.000741405080086409
3,-80.5419954988747,37.1921710855428,0.000887509910673073
3,-80.5419954988747,37.1926513256628,0.00103810701610203
3,-80.5419954988747,37.1931315657829,0.00118660368282848
3,-80.5419954988747,37.1936118059029,0.0013255899215805
3,-80.5419954988747,37.194092046023,0.00144743650566198
3,-80.5419954988747,37.1945722861431,0.00154498686165163
3,-80.5419954988747,37.1950525262631,0.00161225546205219
3,-80.5419954988747,37.1955327663832,0.00164503726418378
3,-80.5419954988747,37.1960130065033,0.00164134148233572
3,-80.5419954988747,37.1964932466233,0.00160158760297199
3,-80.5419954988747,37.1969734867434,0.00152853751811256
3,-80.5419954988747,37.1974537268634,0.00142697790357649
3,-80.5419954988747,37.1979339669835,0.00130320364142405
3,-80.5419954988747,37.1984142071035,0.00116437937955812
3,-80.5419954988747,37.1988944472236,0.00101786801166444
3,-80.5419954988747,37.1993746873437,0.000870611058668238
3,-80.5419954988747,37.1998549274637,0.000728628957656373
3,-80.5419954988747,37.2003351675838,0.000596683758984365
3,-80.5419954988747,37.2008154077038,0.000478118351836841
3,-80.5419954988747,37.2012956478239,0.000374860403403175
3,-80.5419954988747,37.201775887944,0.000287559652449452
3,-80.5419954988747,37.202256128064,0.000215816072762917
3,-80.5419954988747,37.2027363681841,0.000158453810580537
3,-80.5419954988747,37.2032166083041,0.000113800261973892
3,-80.5419954988747,37.2036968484242,7.99388413767529e-05
3,-80.5419954988747,37.2041770885443,5.49153031436624e-05
3,-80.5419954988747,37.2046573286643,3.68886129027644e-05
3,-80.5419954988747,37.2051375687844,2.42266634253082e-05
3,-80.5419954988747,37.2056178089044,1.55502786285403e-05
3,-80.5419954988747,37.2060980490245,9.75042632540512e-06
3,-80.5419954988747,37.2065782891446,5.93625385232142e-06
3,-80.5419954988747,37.2070585292646,3.49405342643078e-06
3,-80.5419954988747,37.2075387693847,1.94818029096214e-06
3,-80.5419954988747,37.2080190095048,1.02491591231225e-06
3,-80.5419954988747,37.2084992496248,5.6135447996475e-07
3,-80.5419954988747,37.2089794897449,2.80219825439287e-07
3,-80.5419954988747,37.2094597298649,1.51326470373314e-07
3,-80.5419954988747,37.209939969985,1.56002229729575e-08
3,-80.5419954988747,37.210420210105,0
3,-80.5419954988747,37.2109004502251,0
3,-80.5419954988747,37.2113806903452,0
3,-80.5419954988747,37.2118609304652,0
3,-80.5419954988747,37.2123411705853,0
3,-80.5419954988747,37.2128214107054,0
3,-80.5419954988747,37.2133016508254,0
3,-80.5419954988747,37.2137818909455,0
3,-80.5419954988747,37.2142621310655,0
3,-80.5419954988747,37.2147423711856,0
3,-80.5415153788447,37.1806453226613,0
3,-80.5415153788447,37.1811255627814,0
3,-80.5415153788447,37.1816058029015,5.89155730122316e-09
3,-80.5415153788447,37.1820860430215,1.98545530800293e-08
3,-80.5415153788447,37.1825662831416,1.09750633808739e-07
3,-80.5415153788447,37.1830465232616,2.84747821602222e-07
3,-80.5415153788447,37.1835267633817,6.51929941977643e-07
3,-80.5415153788447,37.1840070035017,1.34469434607798e-06
3,-80.5415153788447,37.1844872436218,2.39249733070838e-06
3,-80.5415153788447,37.1849674837419,4.13761243171522e-06
3,-80.5415153788447,37.1854477238619,6.92266844935754e-06
3,-80.5415153788447,37.185927963982,1.14130146619069e-05
3,-80.5415153788447,37.1864082041021,1.82217160615593e-05
3,-80.5415153788447,37.1868884442221,2.84041614879522e-05
3,-80.5415153788447,37.1873686843422,4.32308708192383e-05
3,-80.5415153788447,37.1878489244622,6.42453764833196e-05
3,-80.5415153788447,37.1883291645823,9.32273657381613e-05
3,-80.5415153788447,37.1888094047023,0.00013210451364284
3,-80.5415153788447,37.1892896448224,0.000182803758711722
3,-80.5415153788447,37.1897698849425,0.000247040344804282
3,-80.5415153788447,37.1902501250625,0.000326054130568082
3,-80.5415153788447,37.1907303651826,0.000420316198585321
3,-80.5415153788447,37.1912106053027,0.000529242308318038
3,-80.5415153788447,37.1916908454227,0.000650960018841869
3,-80.5415153788447,37.1921710855428,0.000782179952006644
3,-80.5415153788447,37.1926513256628,0.000918215980386795
3,-80.5415153788447,37.1931315657829,0.00105318307859996
3,-80.5415153788447,37.1936118059029,0.00118037649834122
3,-80.5415153788447,37.194092046023,0.00129280564153705
3,-80.5415153788447,37.1945722861431,0.00138382626772431
3,-80.5415153788447,37.1950525262631,0.0014477919429274
3,-80.5415153788447,37.1955327663832,0.00148063548790911
3,-80.5415153788447,37.1960130065033,0.001480296765536
3,-80.5415153788447,37.1964932466233,0.00144693421004505
3,-80.5415153788447,37.1969734867434,0.0013828902843947
3,-80.5415153788447,37.1974537268634,0.00129241912074892
3,-80.5415153788447,37.1979339669835,0.00118122040159665
3,-80.5415153788447,37.1984142071035,0.00105585023414671
3,-80.5415153788447,37.1988944472236,0.000923092804868848
3,-80.5415153788447,37.1993746873437,0.000789374609459789
3,-80.5415153788447,37.1998549274637,0.00066028789143464
3,-80.5415153788447,37.2003351675838,0.00054026590315269
3,-80.5415153788447,37.2008154077038,0.00043242523518734
3,-80.5415153788447,37.2012956478239,0.000338565081287139
3,-80.5415153788447,37.201775887944,0.000259293975779605
3,-80.5415153788447,37.202256128064,0.000194243420630079
3,-80.5415153788447,37.2027363681841,0.000142325105332255
3,-80.5415153788447,37.2032166083041,0.000101992720154488
3,-80.5415153788447,37.2036968484242,7.14783270516513e-05
3,-80.5415153788447,37.2041770885443,4.89842757876592e-05
3,-80.5415153788447,37.2046573286643,3.28224365600442e-05
3,-80.5415153788447,37.2051375687844,2.15014294795111e-05
3,-80.5415153788447,37.2056178089044,1.37662664868202e-05
3,-80.5415153788447,37.2060980490245,8.61109036266302e-06
3,-80.5415153788447,37.2065782891446,5.23469362626548e-06
3,-80.5415153788447,37.2070585292646,3.07682516236978e-06
3,-80.5415153788447,37.2075387693847,1.70918445303217e-06
3,-80.5415153788447,37.2080190095048,8.78604427826918e-07
3,-80.5415153788447,37.2084992496248,4.75844724121606e-07
3,-80.5415153788447,37.2089794897449,2.36969242775118e-07
3,-80.5415153788447,37.2094597298649,1.27419789304225e-07
3,-80.5415153788447,37.209939969985,1.29991660745399e-08
3,-80.5415153788447,37.210420210105,0
3,-80.5415153788447,37.2109004502251,0
3,-80.5415153788447,37.2113806903452,0
3,-80.5415153788447,37.2118609304652,0
3,-80.5415153788447,37.2123411705853,0
3,-80.5415153788447,37.2128214107054,0
3,-80.5415153788447,37.2133016508254,0
3,-80.5415153788447,37.2137818909455,0
3,-80.5415153788447,37.2142621310655,0
3,-80.5415153788447,37.2147423711856,0
3,-80.5410352588147,37.1806453226613,0
3,-80.5410352588147,37.1811255627814,0
3,-80.5410352588147,37.1816058029015,4.1373150985541e-09
3,-80.5410352588147,37.1820860430215,1.36714666057785e-08
3,-80.5410352588147,37.1825662831416,7.99740445671942e-08
3,-80.5410352588147,37.1830465232616,2.13007742151009e-07
3,-80.5410352588147,37.1835267633817,5.04662269569621e-07
3,-80.5410352588147,37.1840070035017,1.08980766748829e-06
3,-80.5410352588147,37.1844872436218,1.95718390389127e-06
3,-80.5410352588147,37.1849674837419,3.40262257203902e-06
3,-80.5410352588147,37.1854477238619,5.71989852715597e-06
3,-80.5410352588147,37.185927963982,9.47411319465257e-06
3,-80.5410352588147,37.1864082041021,1.51974293575942e-05
3,-80.5410352588147,37.1868884442221,2.38014421348057e-05
3,-80.5410352588147,37.1873686843422,3.63955919457029e-05
3,-80.5410352588147,37.1878489244622,5.43398267072576e-05
3,-80.5410352588147,37.1883291645823,7.9218044034346e-05
3,-80.5410352588147,37.1888094047023,0.000112766435879026
3,-80.5410352588147,37.1892896448224,0.000156747300835698
3,-80.5410352588147,37.1897698849425,0.000212765215351538
3,-80.5410352588147,37.1902501250625,0.00028203224105959
3,-80.5410352588147,37.1907303651826,0.000365101133259407
3,-80.5410352588147,37.1912106053027,0.000461598285984452
3,-80.5410352588147,37.1916908454227,0.000569998512722949
3,-80.5410352588147,37.1921710855428,0.000687488496994069
3,-80.5410352588147,37.1926513256628,0.000809962120094867
3,-80.5410352588147,37.1931315657829,0.000932177553484148
3,-80.5410352588147,37.1936118059029,0.00104808379197821
3,-80.5410352588147,37.194092046023,0.00115129639393248
3,-80.5410352588147,37.1945722861431,0.00123567376910674
3,-80.5410352588147,37.1950525262631,0.00129592252918297
3,-80.5410352588147,37.1955327663832,0.00132814874777563
3,-80.5410352588147,37.1960130065033,0.00133027495236835
3,-80.5410352588147,37.1964932466233,0.00130226062788172
3,-80.5410352588147,37.1969734867434,0.00124609386392573
3,-80.5410352588147,37.1974537268634,0.00116555766503641
3,-80.5410352588147,37.1979339669835,0.00106580914635162
3,-80.5410352588147,37.1984142071035,0.000952836550606208
3,-80.5410352588147,37.1988944472236,0.000832872969577275
3,-80.5410352588147,37.1993746873437,0.000711845097264629
3,-80.5410352588147,37.1998549274637,0.00059492174864239
3,-80.5410352588147,37.2003351675838,0.000486204258319928
3,-80.5410352588147,37.2008154077038,0.00038857457439097
3,-80.5410352588147,37.2012956478239,0.000303692191457852
3,-80.5410352588147,37.201775887944,0.000232112136883602
3,-80.5410352588147,37.202256128064,0.000173485280390309
3,-80.5410352588147,37.2027363681841,0.000126799541105296
3,-80.5410352588147,37.2032166083041,9.06247598040474e-05
3,-80.5410352588147,37.2036968484242,6.33327552108305e-05
3,-80.5410352588147,37.2041770885443,4.32747937808864e-05
3,-80.5410352588147,37.2046573286643,2.89090957974565e-05
3,-80.5410352588147,37.2051375687844,1.88794832939417e-05
3,-80.5410352588147,37.2056178089044,1.20503404255418e-05
3,-80.5410352588147,37.2060980490245,7.51519689673422e-06
3,-80.5410352588147,37.2065782891446,4.55863855920101e-06
3,-80.5410352588147,37.2070585292646,2.67453319051584e-06
3,-80.5410352588147,37.2075387693847,1.48021748173722e-06
3,-80.5410352588147,37.2080190095048,7.38842622465084e-07
3,-80.5410352588147,37.2084992496248,3.94334889183925e-07
3,-80.5410352588147,37.2089794897449,1.9593247519354e-07
3,-80.5410352588147,37.2094597298649,1.04587709876888e-07
3,-80.5410352588147,37.209939969985,1.05580141571285e-08
3,-80.5410352588147,37.210420210105,0
3,-80.5410352588147,37.2109004502251,0
3,-80.5410352588147,37.2113806903452,0
3,-80.5410352588147,37.2118609304652,0
3,-80.5410352588147,37.2123411705853,0
3,-80.5410352588147,37.2128214107054,0
3,-80.5410352588147,37.2133016508254,0
3,-80.5410352588147,37.2137818909455,0
3,-80.5410352588147,37.2142621310655,0
3,-80.5410352588147,37.2147423711856,0
3,-80.5405551387847,37.1806453226613,0
3,-80.5405551387847,37.1811255627814,0
3,-80.5405551387847,37.1816058029015,2.8320384753589e-09
3,-80.5405551387847,37.1820860430215,9.18261302084548e-09
3,-80.5405551387847,37.1825662831416,5.69773554691001e-08
3,-80.5405551387847,37.1830465232616,1.55907090782866e-07
3,-80.5405551387847,37.1835267633817,3.83489753298684e-07
3,-80.5405551387847,37.1840070035017,8.79483613012318e-07
3,-80.5405551387847,37.1844872436218,1.59702257924013e-06
3,-80.5405551387847,37.1849674837419,2.79244012050532e-06
3,-80.5405551387847,37.1854477238619,4.71832320101361e-06
3,-80.5405551387847,37.185927963982,7.85297914012602e-06
3,-80.5405551387847,37.1864082041021,1.26605253152171e-05
3,-80.5405551387847,37.1868884442221,1.99276401072818e-05
3,-80.5405551387847,37.1873686843422,3.06233387361068e-05
3,-80.5405551387847,37.1878489244622,4.59460262949772e-05
3,-80.5405551387847,37.1883291645823,6.73052664202755e-05
3,-80.5405551387847,37.1888094047023,9.62639206243119e-05
3,-80.5405551387847,37.1892896448224,0.000134431214494933
3,-80.5405551387847,37.1897698849425,0.000183302550878633
3,-80.5405551387847,37.1902501250625,0.00024405045111388
3,-80.5405551387847,37.1907303651826,0.000317282150966139
3,-80.5405551387847,37.1912106053027,0.000402791394832349
3,-80.5405551387847,37.1916908454227,0.000499342263580771
3,-80.5405551387847,37.1921710855428,0.000604528405201693
3,-80.5405551387847,37.1926513256628,0.00071474908260523
3,-80.5405551387847,37.1931315657829,0.000825332454001887
3,-80.5405551387847,37.1936118059029,0.000930816830593038
3,-80.5405551387847,37.194092046023,0.00102537496329855
3,-80.5405551387847,37.1945722861431,0.00110333935995942
3,-80.5405551387847,37.1950525262631,0.00115976399495453
3,-80.5405551387847,37.1955327663832,0.0011909450312265
3,-80.5405551387847,37.1960130065033,0.0011948240476704
3,-80.5405551387847,37.1964932466233,0.00117121256031127
3,-80.5405551387847,37.1969734867434,0.00112180383167978
3,-80.5405551387847,37.1974537268634,0.00104997174069544
3,-80.5405551387847,37.1979339669835,0.000960389954855478
3,-80.5405551387847,37.1984142071035,0.000858531095303572
3,-80.5405551387847,37.1988944472236,0.000750120102412866
3,-80.5405551387847,37.1993746873437,0.000640616575551525
3,-80.5405551387847,37.1998549274637,0.000534788616837343
3,-80.5405551387847,37.2003351675838,0.000436419392121489
3,-80.5405551387847,37.2008154077038,0.000348162406481512
3,-80.5405551387847,37.2012956478239,0.000271537615871609
3,-80.5405551387847,37.201775887944,0.000207042083182376
3,-80.5405551387847,37.202256128064,0.000154338223228527
3,-80.5405551387847,37.2027363681841,0.000112480073232951
3,-80.5405551387847,37.2032166083041,8.01421463180601e-05
3,-80.5405551387847,37.2036968484242,5.5823964964095e-05
3,-80.5405551387847,37.2041770885443,3.80137554701425e-05
3,-80.5405551387847,37.2046573286643,2.53047730070408e-05
3,-80.5405551387847,37.2051375687844,1.64657765954189e-05
3,-80.5405551387847,37.2056178089044,1.04713798979124e-05
3,-80.5405551387847,37.2060980490245,6.50696816835568e-06
3,-80.5405551387847,37.2065782891446,3.93586468231702e-06
3,-80.5405551387847,37.2070585292646,2.30380992666008e-06
3,-80.5405551387847,37.2075387693847,1.27054604875198e-06
3,-80.5405551387847,37.2080190095048,6.11264712624787e-07
3,-80.5405551387847,37.2084992496248,3.20076790895407e-07
3,-80.5405551387847,37.2089794897449,1.58719484302912e-07
3,-80.5405551387847,37.2094597298649,8.36847788251783e-08
3,-80.5405551387847,37.209939969985,8.35855200784458e-09
3,-80.5405551387847,37.210420210105,0
3,-80.5405551387847,37.2109004502251,0
3,-80.5405551387847,37.2113806903452,0
3,-80.5405551387847,37.2118609304652,0
3,-80.5405551387847,37.2123411705853,0
3,-80.5405551387847,37.2128214107054,0
3,-80.5405551387847,37.2133016508254,0
3,-80.5405551387847,37.2137818909455,0
3,-80.5405551387847,37.2142621310655,0
3,-80.5405551387847,37.2147423711856,0
3,-80.5400750187547,37.1806453226613,0
3,-80.5400750187547,37.1811255627814,0
3,-80.5400750187547,37.1816058029015,1.88960816359588e-09
3,-80.5400750187547,37.1820860430215,6.01593300189019e-09
3,-80.5400750187547,37.1825662831416,3.96906941592637e-08
3,-80.5400750187547,37.1830465232616,1.11646506918752e-07
3,-80.5400750187547,37.1835267633817,2.86065827020279e-07
3,-80.5400750187547,37.1840070035017,7.0961823210533e-07
3,-80.5400750187547,37.1844872436218,1.3053022613733e-06
3,-80.5400750187547,37.1849674837419,2.29666121578466e-06
3,-80.5400750187547,37.1854477238619,3.90200133125308e-06
3,-80.5400750187547,37.185927963982,6.52639409688768e-06
3,-80.5400750187547,37.1864082041021,1.05777305203458e-05
3,-80.5400750187547,37.1868884442221,1.67366616841336e-05
3,-80.5400750187547,37.1873686843422,2.58525175622362e-05
3,-80.5400750187547,37.1878489244622,3.89848206450357e-05
3,-80.5400750187547,37.1883291645823,5.73916325465256e-05
3,-80.5400750187547,37.1888094047023,8.24829791587423e-05
3,-80.5400750187547,37.1892896448224,0.000115730028237883
3,-80.5400750187547,37.1897698849425,0.000158525070274399
3,-80.5400750187547,37.1902501250625,0.000211994859057639
3,-80.5400750187547,37.1907303651826,0.000276779990279809
3,-80.5400750187547,37.1912106053027,0.000352804281390919
3,-80.5400750187547,37.1916908454227,0.000439068227901421
3,-80.5400750187547,37.1921710855428,0.000533506701754369
3,-80.5400750187547,37.1926513256628,0.000632950429847301
3,-80.5400750187547,37.1931315657829,0.000733221731122186
3,-80.5400750187547,37.1936118059029,0.000829377528517758
3,-80.5400750187547,37.194092046023,0.000916088978756414
3,-80.5400750187547,37.1945722861431,0.000988121383031594
3,-80.5400750187547,37.1950525262631,0.00104085578722384
3,-80.5400750187547,37.1955327663832,0.00107078022505167
3,-80.5400750187547,37.1960130065033,0.00107587776538805
3,-80.5400750187547,37.1964932466233,0.00105585156972347
3,-80.5400750187547,37.1969734867434,0.0010121520181273
3,-80.5400750187547,37.1974537268634,0.000947802750479777
3,-80.5400750187547,37.1979339669835,0.000867054648162078
3,-80.5400750187547,37.1984142071035,0.000774922772747598
3,-80.5400750187547,37.1988944472236,0.000676676107161766
3,-80.5400750187547,37.1993746873437,0.000577351383352779
3,-80.5400750187547,37.1998549274637,0.000481351200751765
3,-80.5400750187547,37.2003351675838,0.000392166528778142
3,-80.5400750187547,37.2008154077038,0.000312239537698211
3,-80.5400750187547,37.2012956478239,0.000242959659559376
3,-80.5400750187547,37.201775887944,0.000184767940685624
3,-80.5400750187547,37.202256128064,0.000137334411955744
3,-80.5400750187547,37.2027363681841,9.9770709466702e-05
3,-80.5400750187547,37.2032166083041,7.08442312967189e-05
3,-80.5400750187547,37.2036968484242,4.91684373351407e-05
3,-80.5400750187547,37.2041770885443,3.33539512213025e-05
3,-80.5400750187547,37.2046573286643,2.21147116838628e-05
3,-80.5400750187547,37.2051375687844,1.43310547988398e-05
3,-80.5400750187547,37.2056178089044,9.07582981864302e-06
3,-80.5400750187547,37.2060980490245,5.61624518618771e-06
3,-80.5400750187547,37.2065782891446,3.38523185056397e-06
3,-80.5400750187547,37.2070585292646,1.9759856671975e-06
3,-80.5400750187547,37.2075387693847,1.08633762733421e-06
3,-80.5400750187547,37.2080190095048,4.99675699967077e-07
3,-80.5400750187547,37.2084992496248,2.55252132048046e-07
3,-80.5400750187547,37.2089794897449,1.2639166371702e-07
3,-80.5400750187547,37.2094597298649,6.52731536653094e-08
3,-80.5400750187547,37.209939969985,6.45003274340469e-09
3,-80.5400750187547,37.210420210105,0
3,-80.5400750187547,37.2109004502251,0
3,-80.5400750187547,37.2113806903452,0
3,-80.5400750187547,37.2118609304652,0
3,-80.5400750187547,37.2123411705853,0
3,-80.5400750187547,37.2128214107054,0
3,-80.5400750187547,37.2133016508254,0
3,-80.5400750187547,37.2137818909455,0
3,-80.5400750187547,37.2142621310655,0
3,-80.5400750187547,37.2147423711856,0
3,-80.5395948987247,37.1806453226613,0
3,-80.5395948987247,37.1811255627814,0
3,-80.5395948987247,37.1816058029015,1.22895623261669e-09
3,-80.5395948987247,37.1820860430215,3.84427845054063e-09
3,-80.5395948987247,37.1825662831416,2.70352266409092e-08
3,-80.5395948987247,37.1830465232616,7.82170381484478e-08
3,-80.5395948987247,37.1835267633817,2.09470898945835e-07
3,-80.5395948987247,37.1840070035017,5.75053938780753e-07
3,-80.5395948987247,37.1844872436218,1.07346252891218e-06
3,-80.5395948987247,37.1849674837419,1.90156756374636e-06
3,-80.5395948987247,37.1854477238619,3.24935440128824e-06
3,-80.5395948987247,37.185927963982,5.46156241074496e-06
3,-80.5395948987247,37.1864082041021,8.90025927296976e-06
3,-80.5395948987247,37.1868884442221,1.41579227185041e-05
3,-80.5395948987247,37.1873686843422,2.198384041846e-05
3,-80.5395948987247,37.1878489244622,3.33204842747389e-05
3,-80.5395948987247,37.1883291645823,4.92969430702368e-05
3,-80.5395948987247,37.1888094047023,7.11914121489353e-05
3,-80.5395948987247,37.1892896448224,0.000100353615455294
3,-80.5395948987247,37.1897698849425,0.000138081684761775
3,-80.5395948987247,37.1902501250625,0.000185454633154113
3,-80.5395948987247,37.1907303651826,0.000243130782408949
3,-80.5395948987247,37.1912106053027,0.000311133100266506
3,-80.5395948987247,37.1916908454227,0.000388652265684652
3,-80.5395948987247,37.1921710855428,0.000473904733553648
3,-80.5395948987247,37.1926513256628,0.00056408347465269
3,-80.5395948987247,37.1931315657829,0.000655431602538474
3,-80.5395948987247,37.1936118059029,0.000743453528736987
3,-80.5395948987247,37.194092046023,0.00082325642153399
3,-80.5395948987247,37.1945722861431,0.000889990383265815
3,-80.5395948987247,37.1950525262631,0.000939334020757337
3,-80.5395948987247,37.1955327663832,0.000967958196276334
3,-80.5395948987247,37.1960130065033,0.000973898655074558
3,-80.5395948987247,37.1964932466233,0.000956779383302418
3,-80.5395948987247,37.1969734867434,0.000917851329088591
3,-80.5395948987247,37.1974537268634,0.000859841063195905
3,-80.5395948987247,37.1979339669835,0.000786634841344522
3,-80.5395948987247,37.1984142071035,0.000702848944903997
3,-80.5395948987247,37.1988944472236,0.000613352134252667
3,-80.5395948987247,37.1993746873437,0.000522808171659929
3,-80.5395948987247,37.1998549274637,0.000435296305561629
3,-80.5395948987247,37.2003351675838,0.000354048612783348
3,-80.5395948987247,37.2008154077038,0.000281319978814076
3,-80.5395948987247,37.2012956478239,0.000218384287349625
3,-80.5395948987247,37.201775887944,0.000165633134983644
3,-80.5395948987247,37.202256128064,0.000122743385278124
3,-80.5395948987247,37.2027363681841,8.88774896298436e-05
3,-80.5395948987247,37.2032166083041,6.28844721213804e-05
3,-80.5395948987247,37.2036968484242,4.34775655978897e-05
3,-80.5395948987247,37.2041770885443,2.93742058882646e-05
3,-80.5395948987247,37.2046573286643,1.93932963306979e-05
3,-80.5395948987247,37.2051375687844,1.25119069120792e-05
3,-80.5395948987247,37.2056178089044,7.88773202330925e-06
3,-80.5395948987247,37.2060980490245,4.85850704987515e-06
3,-80.5395948987247,37.2065782891446,2.91665933082542e-06
3,-80.5395948987247,37.2070585292646,1.69706045345526e-06
3,-80.5395948987247,37.2075387693847,9.30688768403987e-07
3,-80.5395948987247,37.2080190095048,4.06051922028278e-07
3,-80.5395948987247,37.2084992496248,2.00974643956489e-07
3,-80.5395948987247,37.2089794897449,9.94686395362543e-08
3,-80.5395948987247,37.2094597298649,4.963011462137e-08
3,-80.5395948987247,37.209939969985,4.85148676419665e-09
3,-80.5395948987247,37.210420210105,0
3,-80.5395948987247,37.2109004502251,0
3,-80.5395948987247,37.2113806903452,0
3,-80.5395948987247,37.2118609304652,0
3,-80.5395948987247,37.2123411705853,0
3,-80.5395948987247,37.2128214107054,0
3,-80.5395948987247,37.2133016508254,0
3,-80.5395948987247,37.2137818909455,0
3,-80.5395948987247,37.2142621310655,0
3,-80.5395948987247,37.2147423711856,0
3,-80.5391147786947,37.1806453226613,0
3,-80.5391147786947,37.1811255627814,0
3,-80.5391147786947,37.1816058029015,7.79099857736756e-10
3,-80.5391147786947,37.1820860430215,2.39602693170094e-09
3,-80.5391147786947,37.1825662831416,1.80072454697808e-08
3,-80.5391147786947,37.1830465232616,5.36040821946328e-08
3,-80.5391147786947,37.1835267633817,1.50554177202222e-07
3,-80.5391147786947,37.1840070035017,4.70196718702731e-07
3,-80.5391147786947,37.1844872436218,8.92139390873193e-07
3,-80.5391147786947,37.1849674837419,1.59186613482391e-06
3,-80.5391147786947,37.1854477238619,2.73599144555082e-06
3,-80.5391147786947,37.185927963982,4.62061302805982e-06
3,-80.5391147786947,37.1864082041021,7.57077038576748e-06
3,-80.5391147786947,37.1868884442221,1.21068314735841e-05
3,-80.5391147786947,37.1873686843422,1.88957281149033e-05
3,-80.5391147786947,37.1878489244622,2.87827917275609e-05
3,-80.5391147786947,37.1883291645823,4.27890404795012e-05
3,-80.5391147786947,37.1888094047023,6.2080838932277e-05
3,-80.5391147786947,37.1892896448224,8.79030578636037e-05
3,-80.5391147786947,37.1897698849425,0.000121469923291213
3,-80.5391147786947,37.1902501250625,0.000163813609547682
3,-80.5391147786947,37.1907303651826,0.000215599074410089
3,-80.5391147786947,37.1912106053027,0.000276923596939447
3,-80.5391147786947,37.1916908454227,0.00034712904928235
3,-80.5391147786947,37.1921710855428,0.000424661599481544
3,-80.5391147786947,37.1926513256628,0.000507014733247338
3,-80.5391147786947,37.1931315657829,0.000590785316751647
3,-80.5391147786947,37.1936118059029,0.000671858457520359
3,-80.5391147786947,37.194092046023,0.000745716653851216
3,-80.5391147786947,37.1945722861431,0.000807845606200047
3,-80.5391147786947,37.1950525262631,0.000854187915211644
3,-80.5391147786947,37.1955327663832,0.000881581784977055
3,-80.5391147786947,37.1960130065033,0.000888118756640427
3,-80.5391147786947,37.1964932466233,0.000873364077509953
3,-80.5391147786947,37.1969734867434,0.000838404269195736
3,-80.5391147786947,37.1974537268634,0.000785714706308336
3,-80.5391147786947,37.1979339669835,0.000718869642223495
3,-80.5391147786947,37.1984142071035,0.000642141890123056
3,-80.5391147786947,37.1988944472236,0.000560054329785203
3,-80.5391147786947,37.1993746873437,0.000476948080429993
3,-80.5391147786947,37.1998549274637,0.000396623015071412
3,-80.5391147786947,37.2003351675838,0.000322088335500225
3,-80.5391147786947,37.2008154077038,0.000255438801406417
3,-80.5391147786947,37.2012956478239,0.000197850810820124
3,-80.5391147786947,37.201775887944,0.000149675841531829
3,-80.5391147786947,37.202256128064,0.000110599071885753
3,-80.5391147786947,37.2027363681841,7.98286893145721e-05
3,-80.5391147786947,37.2032166083041,5.62852520711075e-05
3,-80.5391147786947,37.2036968484242,3.87683104102791e-05
3,-80.5391147786947,37.2041770885443,2.6086882338062e-05
3,-80.5391147786947,37.2046573286643,1.71492249260559e-05
3,-80.5391147786947,37.2051375687844,1.10142537485469e-05
3,-80.5391147786947,37.2056178089044,6.91102339713132e-06
3,-80.5391147786947,37.2060980490245,4.23635067196783e-06
3,-80.5391147786947,37.2065782891446,2.53202510502156e-06
3,-80.5391147786947,37.2070585292646,1.46823108508639e-06
3,-80.5391147786947,37.2075387693847,8.0396650528867e-07
3,-80.5391147786947,37.2080190095048,3.30729572035253e-07
3,-80.5391147786947,37.2084992496248,1.57404131175638e-07
3,-80.5391147786947,37.2089794897449,7.79906321487194e-08
3,-80.5391147786947,37.2094597298649,3.67856785614722e-08
3,-80.5391147786947,37.209939969985,3.55688516170902e-09
3,-80.5391147786947,37.210420210105,0
3,-80.5391147786947,37.2109004502251,0
3,-80.5391147786947,37.2113806903452,0
3,-80.5391147786947,37.2118609304652,0
3,-80.5391147786947,37.2123411705853,0
3,-80.5391147786947,37.2128214107054,0
3,-80.5391147786947,37.2133016508254,0
3,-80.5391147786947,37.2137818909455,0
3,-80.5391147786947,37.2142621310655,0
3,-80.5391147786947,37.2147423711856,0
3,-80.5386346586647,37.1806453226613,0
3,-80.5386346586647,37.1811255627814,0
3,-80.5386346586647,37.1816058029015,4.8143967587645e-10
3,-80.5386346586647,37.1820860430215,1.4565443592377e-09
3,-80.5386346586647,37.1825662831416,1.17289824066146e-08
3,-80.5386346586647,37.1830465232616,3.59330004638838e-08
3,-80.5386346586647,37.1835267633817,1.06198740884789e-07
3,-80.5386346586647,37.1840070035017,3.89500285049345e-07
3,-80.5386346586647,37.1844872436218,7.51987580304961e-07
3,-80.5386346586647,37.1849674837419,1.35207955438751e-06
3,-80.5386346586647,37.1854477238619,2.33699288732506e-06
3,-80.5386346586647,37.185927963982,3.96430299751882e-06
3,-80.5386346586647,37.1864082041021,6.52916315713422e-06
3,-80.5386346586647,37.1868884442221,1.04936357910044e-05
3,-80.5386346586647,37.1873686843422,1.64574829520848e-05
3,-80.5386346586647,37.1878489244622,2.51861499234811e-05
3,-80.5386346586647,37.1883291645823,3.76109189064697e-05
3,-80.5386346586647,37.1888094047023,5.48041771076727e-05
3,-80.5386346586647,37.1892896448224,7.79212079076426e-05
3,-80.5386346586647,37.1897698849425,0.000108102504110095
3,-80.5386346586647,37.1902501250625,0.000146335848607043
3,-80.5386346586647,37.1907303651826,0.000193285179584217
3,-80.5386346586647,37.1912106053027,0.000249102642832739
3,-80.5386346586647,37.1916908454227,0.000313249490014496
3,-80.5386346586647,37.1921710855428,0.000384358244694668
3,-80.5386346586647,37.1926513256628,0.00046017033702717
3,-80.5386346586647,37.1931315657829,0.000537578291921009
3,-80.5386346586647,37.1936118059029,0.000612788949141106
3,-80.5386346586647,37.194092046023,0.000681605338656421
3,-80.5386346586647,37.1945722861431,0.000739802878366941
3,-80.5386346586647,37.1950525262631,0.000783555048256834
3,-80.5386346586647,37.1955327663832,0.000809849530286837
3,-80.5386346586647,37.1960130065033,0.000816831943607726
3,-80.5386346586647,37.1964932466233,0.000804022561233218
3,-80.5386346586647,37.1969734867434,0.000772370747636152
3,-80.5386346586647,37.1974537268634,0.000724138546107419
3,-80.5386346586647,37.1979339669835,0.000662633253899547
3,-80.5386346586647,37.1984142071035,0.000591832917823436
3,-80.5386346586647,37.1988944472236,0.000515963567157918
3,-80.5386346586647,37.1993746873437,0.000439090121123795
3,-80.5386346586647,37.1998549274637,0.000364774559225777
3,-80.5386346586647,37.2003351675838,0.000295837965320021
3,-80.5386346586647,37.2008154077038,0.000234241882699553
3,-80.5386346586647,37.2012956478239,0.000181083805050037
3,-80.5386346586647,37.201775887944,0.00013668547835225
3,-80.5386346586647,37.202256128064,0.000100743270857931
3,-80.5386346586647,37.2027363681841,7.25075936534338e-05
3,-80.5386346586647,37.2032166083041,5.09620619260516e-05
3,-80.5386346586647,37.2036968484242,3.49806568487489e-05
3,-80.5386346586647,37.2041770885443,2.34502066466262e-05
3,-80.5386346586647,37.2046573286643,1.53540159830996e-05
3,-80.5386346586647,37.2051375687844,9.81908600109436e-06
3,-80.5386346586647,37.2056178089044,6.13331606182931e-06
3,-80.5386346586647,37.2060980490245,3.74192441124372e-06
3,-80.5386346586647,37.2065782891446,2.22667214133246e-06
3,-80.5386346586647,37.2070585292646,1.28678473116485e-06
3,-80.5386346586647,37.2075387693847,7.04349707501843e-07
3,-80.5386346586647,37.2080190095048,2.72715830506606e-07
3,-80.5386346586647,37.2084992496248,1.23933945808528e-07
3,-80.5386346586647,37.2089794897449,6.16164103590767e-08
3,-80.5386346586647,37.2094597298649,2.65787974180713e-08
3,-80.5386346586647,37.209939969985,2.54183232129155e-09
3,-80.5386346586647,37.210420210105,0
3,-80.5386346586647,37.2109004502251,0
3,-80.5386346586647,37.2113806903452,0
3,-80.5386346586647,37.2118609304652,0
3,-80.5386346586647,37.2123411705853,0
3,-80.5386346586647,37.2128214107054,0
3,-80.5386346586647,37.2133016508254,0
3,-80.5386346586647,37.2137818909455,0
3,-80.5386346586647,37.2142621310655,0
3,-80.5386346586647,37.2147423711856,0
3,-80.5381545386347,37.1806453226613,0
3,-80.5381545386347,37.1811255627814,0
3,-80.5381545386347,37.1816058029015,2.8998976531781e-10
3,-80.5381545386347,37.1820860430215,8.6357752216526e-10
3,-80.5381545386347,37.1825662831416,7.4711464480411e-09
3,-80.5381545386347,37.1830465232616,2.35582515732529e-08
3,-80.5381545386347,37.1835267633817,7.35073409702628e-08
3,-80.5381545386347,37.1840070035017,3.27810236903988e-07
3,-80.5381545386347,37.1844872436218,6.44267107077734e-07
3,-80.5381545386347,37.1849674837419,1.1675594228052e-06
3,-80.5381545386347,37.1854477238619,2.02859854527902e-06
3,-80.5381545386347,37.185927963982,3.45481078155174e-06
3,-80.5381545386347,37.1864082041021,5.71701299761071e-06
3,-80.5381545386347,37.1868884442221,9.23029276448954e-06
3,-80.5381545386347,37.1873686843422,1.45396664814264e-05
3,-80.5381545386347,37.1878489244622,2.23448915593809e-05
3,-80.5381545386347,37.1883291645823,3.35027123535575e-05
3,-80.5381545386347,37.1888094047023,4.90064901822081e-05
3,-80.5381545386347,37.1892896448224,6.99349232739691e-05
3,-80.5381545386347,37.1897698849425,9.73637768658236e-05
3,-80.5381545386347,37.1902501250625,0.000132239275163706
3,-80.5381545386347,37.1907303651826,0.000175218998386635
3,-80.5381545386347,37.1912106053027,0.000226494987022195
3,-80.5381545386347,37.1916908454227,0.000285622684278504
3,-80.5381545386347,37.1921710855428,0.000351386119227578
3,-80.5381545386347,37.1926513256628,0.000421731942508231
3,-80.5381545386347,37.1931315657829,0.000493800659242061
3,-80.5381545386347,37.1936118059029,0.000564071953467348
3,-80.5381545386347,37.194092046023,0.000628623397287071
3,-80.5381545386347,37.1945722861431,0.000683480968801795
3,-80.5381545386347,37.1950525262631,0.000725019954068023
3,-80.5381545386347,37.1955327663832,0.000750360708181999
3,-80.5381545386347,37.1960130065033,0.000757699310654032
3,-80.5381545386347,37.1964932466233,0.000746520286174596
3,-80.5381545386347,37.1969734867434,0.000717656483849988
3,-80.5381545386347,37.1974537268634,0.000673186450926748
3,-80.5381545386347,37.1979339669835,0.000616186870293796
3,-80.5381545386347,37.1984142071035,0.000550381026675104
3,-80.5381545386347,37.1988944472236,0.000479739013129127
3,-80.5381545386347,37.1993746873437,0.00040808889082774
3,-80.5381545386347,37.1998549274637,0.000338790422451491
3,-80.5381545386347,37.2003351675838,0.000274506959216952
3,-80.5381545386347,37.2008154077038,0.00021709081235465
3,-80.5381545386347,37.2012956478239,0.000167577587684152
3,-80.5381545386347,37.201775887944,0.000126269320947491
3,-80.5381545386347,37.202256128064,9.28770690920782e-05
3,-80.5381545386347,37.2027363681841,6.66913306340299e-05
3,-80.5381545386347,37.2032166083041,4.67521876410557e-05
3,-80.5381545386347,37.2036968484242,3.19983363445678e-05
3,-80.5381545386347,37.2041770885443,2.1382898792448e-05
3,-80.5381545386347,37.2046573286643,1.39521025688424e-05
3,-80.5381545386347,37.2051375687844,8.88926728996795e-06
3,-80.5381545386347,37.2056178089044,5.53037526084725e-06
3,-80.5381545386347,37.2060980490245,3.35980820106267e-06
3,-80.5381545386347,37.2065782891446,1.99120178966418e-06
3,-80.5381545386347,37.2070585292646,1.14716756364337e-06
3,-80.5381545386347,37.2075387693847,6.28458114861017e-07
3,-80.5381545386347,37.2080190095048,2.30056360879735e-07
3,-80.5381545386347,37.2084992496248,9.94120101744169e-08
3,-80.5381545386347,37.2089794897449,4.97365650771135e-08
3,-80.5381545386347,37.2094597298649,1.87204029758708e-08
3,-80.5381545386347,37.209939969985,1.77054110214208e-09
3,-80.5381545386347,37.210420210105,0
3,-80.5381545386347,37.2109004502251,0
3,-80.5381545386347,37.2113806903452,0
3,-80.5381545386347,37.2118609304652,0
3,-80.5381545386347,37.2123411705853,0
3,-80.5381545386347,37.2128214107054,0
3,-80.5381545386347,37.2133016508254,0
3,-80.5381545386347,37.2137818909455,0
3,-80.5381545386347,37.2142621310655,0
3,-80.5381545386347,37.2147423711856,0
3,-80.5376744186047,37.1806453226613,0
3,-80.5376744186047,37.1811255627814,0
3,-80.5376744186047,37.1816058029015,1.7026112444177e-10
3,-80.5376744186047,37.1820860430215,4.88633905417503e-10
3,-80.5376744186047,37.1825662831416,4.63435590986024e-09
3,-80.5376744186047,37.1830465232616,1.50684745408856e-08
3,-80.5376744186047,37.1835267633817,4.98529529078603e-08
3,-80.5376744186047,37.1840070035017,2.80471506112553e-07
3,-80.5376744186047,37.1844872436218,5.61033713981666e-07
3,-80.5376744186047,37.1849674837419,1.02485580256955e-06
3,-80.5376744186047,37.1854477238619,1.7888692912181e-06
3,-80.5376744186047,37.185927963982,3.05693332808359e-06
3,-80.5376744186047,37.1864082041021,5.0795906810055e-06
3,-80.5376744186047,37.1868884442221,8.23377457533456e-06
3,-80.5376744186047,37.1873686843422,1.30193566097845e-05
3,-80.5376744186047,37.1878489244622,2.00814013074622e-05
3,-80.5376744186047,37.1883291645823,3.02139117300413e-05
3,-80.5376744186047,37.1888094047023,4.43428613208315e-05
3,-80.5376744186047,37.1892896448224,6.34805263770242e-05
3,-80.5376744186047,37.1897698849425,8.86450462466376e-05
3,-80.5376744186047,37.1902501250625,0.000120743436946152
3,-80.5376744186047,37.1907303651826,0.000160422966570243
3,-80.5376744186047,37.1912106053027,0.000207904172964101
3,-80.5376744186047,37.1916908454227,0.000262817395088806
3,-80.5376744186047,37.1921710855428,0.000324071399659774
3,-80.5376744186047,37.1926513256628,0.000389785200102832
3,-80.5376744186047,37.1931315657829,0.000457310588903199
3,-80.5376744186047,37.1936118059029,0.000523362452233628
3,-80.5376744186047,37.194092046023,0.000584257467584168
3,-80.5376744186047,37.1945722861431,0.000636241949008765
3,-80.5376744186047,37.1950525262631,0.000675870446968613
3,-80.5376744186047,37.1955327663832,0.000700382774852589
3,-80.5376744186047,37.1960130065033,0.000708022261947614
3,-80.5376744186047,37.1964932466233,0.000698244205526461
3,-80.5376744186047,37.1969734867434,0.000671780116148444
3,-80.5376744186047,37.1974537268634,0.000630547226152864
3,-80.5376744186047,37.1979339669835,0.00057741881003301
3,-80.5376744186047,37.1984142071035,0.000515893536113815
3,-80.5376744186047,37.1988944472236,0.000449716626702986
3,-80.5376744186047,37.1993746873437,0.000382509432073225
3,-80.5376744186047,37.1998549274637,0.000317457146402003
3,-80.5376744186047,37.2003351675838,0.000257089267591654
3,-80.5376744186047,37.2008154077038,0.000203168067464153
3,-80.5376744186047,37.2012956478239,0.000156681238072948
3,-80.5376744186047,37.201775887944,0.000117919731004684
3,-80.5376744186047,37.202256128064,8.66128312268032e-05
3,-80.5376744186047,37.2027363681841,6.20901808874176e-05
3,-80.5376744186047,37.2032166083041,4.34437633131018e-05
3,-80.5376744186047,37.2036968484242,2.96698103879744e-05
3,-80.5376744186047,37.2041770885443,1.97789798683017e-05
3,-80.5376744186047,37.2046573286643,1.28710385653477e-05
3,-80.5376744186047,37.2051375687844,8.17640439008178e-06
3,-80.5376744186047,37.2056178089044,5.0706353925492e-06
3,-80.5376744186047,37.2060980490245,3.0699196607816e-06
3,-80.5376744186047,37.2065782891446,1.81328749980175e-06
3,-80.5376744186047,37.2070585292646,1.04206776297423e-06
3,-80.5376744186047,37.2075387693847,5.71977116869693e-07
3,-80.5376744186047,37.2080190095048,2.00203805669093e-07
3,-80.5376744186047,37.2084992496248,8.2361268057265e-08
3,-80.5376744186047,37.2089794897449,4.15850843476189e-08
3,-80.5376744186047,37.2094597298649,1.28534175663907e-08
3,-80.5376744186047,37.209939969985,1.20211824797271e-09
3,-80.5376744186047,37.210420210105,0
3,-80.5376744186047,37.2109004502251,0
3,-80.5376744186047,37.2113806903452,0
3,-80.5376744186047,37.2118609304652,0
3,-80.5376744186047,37.2123411705853,0
3,-80.5376744186047,37.2128214107054,0
3,-80.5376744186047,37.2133016508254,0
3,-80.5376744186047,37.2137818909455,0
3,-80.5376744186047,37.2142621310655,0
3,-80.5376744186047,37.2147423711856,0
3,-80.5371942985746,37.1806453226613,0
3,-80.5371942985746,37.1811255627814,0
3,-80.5371942985746,37.1816058029015,9.74406904150169e-11
3,-80.5371942985746,37.1820860430215,2.76066330166673e-10
3,-80.5371942985746,37.1825662831416,2.82532889076885e-09
3,-80.5371942985746,37.1830465232616,9.4505674941117e-09
3,-80.5371942985746,37.1835267633817,3.32131722761997e-08
3,-80.5371942985746,37.1840070035017,2.4391675012272e-07
3,-80.5371942985746,37.1844872436218,4.96132608100992e-07
3,-80.5371942985746,37.1849674837419,9.13389601129229e-07
3,-80.5371942985746,37.1854477238619,1.60040408606843e-06
3,-80.5371942985746,37.185927963982,2.74243572346021e-06
3,-80.5371942985746,37.1864082041021,4.57260396699623e-06
3,-80.5371942985746,37.1868884442221,7.43626878660036e-06
3,-80.5371942985746,37.1873686843422,1.17952151957169e-05
3,-80.5371942985746,37.1878489244622,1.82478482049949e-05
3,-80.5371942985746,37.1883291645823,2.75339744496766e-05
3,-80.5371942985746,37.1888094047023,4.05205003666528e-05
3,-80.5371942985746,37.1892896448224,5.81603845715981e-05
3,-80.5371942985746,37.1897698849425,8.14188501274213e-05
3,-80.5371942985746,37.1902501250625,0.000111164789564533
3,-80.5371942985746,37.1907303651826,0.000148031520811218
3,-80.5371942985746,37.1912106053027,0.00019225896256877
3,-80.5371942985746,37.1916908454227,0.000243537535761697
3,-80.5371942985746,37.1921710855428,0.000300880685595457
3,-80.5371942985746,37.1926513256628,0.000362555639284472
3,-80.5371942985746,37.1931315657829,0.000426099006805604
3,-80.5371942985746,37.1936118059029,0.000488434260288007
3,-80.5371942985746,37.194092046023,0.000546092709208731
3,-80.5371942985746,37.1945722861431,0.000595520759180888
3,-80.5371942985746,37.1950525262631,0.000633437814438078
3,-80.5371942985746,37.1955327663832,0.000657195508723925
3,-80.5371942985746,37.1960130065033,0.000665083769594909
3,-80.5371942985746,37.1964932466233,0.000656534554322764
3,-80.5371942985746,37.1969734867434,0.000632189508457084
3,-80.5371942985746,37.1974537268634,0.0005938203497628
3,-80.5371942985746,37.1979339669835,0.000544115696697886
3,-80.5371942985746,37.1984142071035,0.000486369961965702
3,-80.5371942985746,37.1988944472236,0.000424124241478125
3,-80.5371942985746,37.1993746873437,0.000360813232524438
3,-80.5371942985746,37.1998549274637,0.000299466022991739
3,-80.5371942985746,37.2003351675838,0.000242494375212089
3,-80.5371942985746,37.2008154077038,0.000191583716399874
3,-80.5371942985746,37.2012956478239,0.000147683711669141
3,-80.5371942985746,37.201775887944,0.000111080643582993
3,-80.5371942985746,37.202256128064,8.15250438770138e-05
3,-80.5371942985746,37.2027363681841,5.83856289734292e-05
3,-80.5371942985746,37.2032166083041,4.08036309254649e-05
3,-80.5371942985746,37.2036968484242,2.78282197174147e-05
3,-80.5371942985746,37.2041770885443,1.85217383273576e-05
3,-80.5371942985746,37.2046573286643,1.20310554966207e-05
3,-80.5371942985746,37.2051375687844,7.62723734906765e-06
3,-80.5371942985746,37.2056178089044,4.71937488141164e-06
3,-80.5371942985746,37.2060980490245,2.85015505153368e-06
3,-80.5371942985746,37.2065782891446,1.67932297521536e-06
3,-80.5371942985746,37.2070585292646,9.63400355406075e-07
3,-80.5371942985746,37.2075387693847,5.30215957260093e-07
3,-80.5371942985746,37.2080190095048,1.80348890769884e-07
3,-80.5371942985746,37.2084992496248,7.11752822003831e-08
3,-80.5371942985746,37.2089794897449,3.63373952549781e-08
3,-80.5371942985746,37.2094597298649,8.60291915668146e-09
3,-80.5371942985746,37.209939969985,7.95555399352463e-10
3,-80.5371942985746,37.210420210105,0
3,-80.5371942985746,37.2109004502251,0
3,-80.5371942985746,37.2113806903452,0
3,-80.5371942985746,37.2118609304652,0
3,-80.5371942985746,37.2123411705853,0
3,-80.5371942985746,37.2128214107054,0
3,-80.5371942985746,37.2133016508254,0
3,-80.5371942985746,37.2137818909455,0
3,-80.5371942985746,37.2142621310655,0
3,-80.5371942985746,37.2147423711856,0
3,-80.5367141785446,37.1806453226613,0
3,-80.5367141785446,37.1811255627814,0
3,-80.5367141785446,37.1816058029015,5.4357219076255e-11
3,-80.5367141785446,37.1820860430215,1.33640282849518e-10
3,-80.5367141785446,37.1825662831416,1.6503966020724e-09
3,-80.5367141785446,37.1830465232616,5.7331769402956e-09
3,-80.5367141785446,37.1835267633817,2.15883383042431e-08
3,-80.5367141785446,37.1840070035017,2.14681913465248e-07
3,-80.5367141785446,37.1844872436218,4.43570397633596e-07
3,-80.5367141785446,37.1849674837419,8.2285507666992e-07
3,-80.5367141785446,37.1854477238619,1.44627614610282e-06
3,-80.5367141785446,37.185927963982,2.4838932573618e-06
3,-80.5367141785446,37.1864082041021,4.15308062346843e-06
3,-80.5367141785446,37.1868884442221,6.77204730113079e-06
3,-80.5367141785446,37.1873686843422,1.07690954460673e-05
3,-80.5367141785446,37.1878489244622,1.67011409542213e-05
3,-80.5367141785446,37.1883291645823,2.52591876167046e-05
3,-80.5367141785446,37.1888094047023,3.72561673261175e-05
3,-80.5367141785446,37.1892896448224,5.35898257125825e-05
3,-80.5367141785446,37.1897698849425,7.51747970110297e-05
3,-80.5367141785446,37.1902501250625,0.000102841609979575
3,-80.5367141785446,37.1907303651826,0.000137206167138151
3,-80.5367141785446,37.1912106053027,0.000178520699095263
3,-80.5367141785446,37.1916908454227,0.000226525060889618
3,-80.5367141785446,37.1921710855428,0.000280323649280245
3,-80.5367141785446,37.1926513256628,0.000338316064887069
3,-80.5367141785446,37.1931315657829,0.000398207111979675
3,-80.5367141785446,37.1936118059029,0.000457112956836284
3,-80.5367141785446,37.194092046023,0.000511765849642548
3,-80.5367141785446,37.1945722861431,0.000558801993638014
3,-80.5367141785446,37.1950525262631,0.000595099500091197
3,-80.5367141785446,37.1955327663832,0.000618120043485873
3,-80.5367141785446,37.1960130065033,0.000626202451097863
3,-80.5367141785446,37.1964932466233,0.000618761048228917
3,-80.5367141785446,37.1969734867434,0.000596355841074483
3,-80.5367141785446,37.1974537268634,0.000560622853945343
3,-80.5367141785446,37.1979339669835,0.000514076653692726
3,-80.5367141785446,37.1984142071035,0.000459818159842989
3,-80.5367141785446,37.1988944472236,0.000401194830026148
3,-80.5367141785446,37.1993746873437,0.000341464635857372
3,-80.5367141785446,37.1998549274637,0.00028350971533888
3,-80.5367141785446,37.2003351675838,0.000229632286726697
3,-80.5367141785446,37.2008154077038,0.000181447952015161
3,-80.5367141785446,37.2012956478239,0.000139873984222503
3,-80.5367141785446,37.201775887944,0.000105196065924363
3,-80.5367141785446,37.202256128064,7.71883755812881e-05
3,-80.5367141785446,37.2027363681841,5.52594472093622e-05
3,-80.5367141785446,37.2032166083041,3.85989910541935e-05
3,-80.5367141785446,37.2036968484242,2.63070907316246e-05
3,-80.5367141785446,37.2041770885443,1.74948365384941e-05
3,-80.5367141785446,37.2046573286643,1.13527196427397e-05
3,-80.5367141785446,37.2051375687844,7.18878701115497e-06
3,-80.5367141785446,37.2056178089044,4.44209170986409e-06
3,-80.5367141785446,37.2060980490245,2.67860322639716e-06
3,-80.5367141785446,37.2065782891446,1.57580083694288e-06
3,-80.5367141785446,37.2070585292646,9.03130572101395e-07
3,-80.5367141785446,37.2075387693847,4.98566444314909e-07
3,-80.5367141785446,37.2080190095048,1.67693261272605e-07
3,-80.5367141785446,37.2084992496248,6.42754403935813e-08
3,-80.5367141785446,37.2089794897449,3.31885297161492e-08
3,-80.5367141785446,37.2094597298649,5.61302673271087e-09
3,-80.5367141785446,37.209939969985,5.13187094995036e-10
3,-80.5367141785446,37.210420210105,0
3,-80.5367141785446,37.2109004502251,0
3,-80.5367141785446,37.2113806903452,0
3,-80.5367141785446,37.2118609304652,0
3,-80.5367141785446,37.2123411705853,0
3,-80.5367141785446,37.2128214107054,0
3,-80.5367141785446,37.2133016508254,0
3,-80.5367141785446,37.2137818909455,0
3,-80.5367141785446,37.2142621310655,0
3,-80.5367141785446,37.2147423711856,0
3,-80.5362340585146,37.1806453226613,0
3,-80.5362340585146,37.1811255627814,0
3,-80.5362340585146,37.1816058029015,2.9557392810731e-11
3,-80.5362340585146,37.1820860430215,5.52604688355248e-11
3,-80.5362340585146,37.1825662831416,9.19504561506833e-10
3,-80.5362340585146,37.1830465232616,3.35922744046621e-09
3,-80.5362340585146,37.1835267633817,1.36912358438253e-08
3,-80.5362340585146,37.1840070035017,1.90590982170809e-07
3,-80.5362340585146,37.1844872436218,3.99503881524092e-07
3,-80.5362340585146,37.1849674837419,7.46488091724469e-07
3,-80.5362340585146,37.1854477238619,1.31524082786881e-06
3,-80.5362340585146,37.185927963982,2.26280626199391e-06
3,-80.5362340585146,37.1864082041021,3.79167956322377e-06
3,-80.5362340585146,37.1868884442221,6.19568994156711e-06
3,-80.5362340585146,37.1873686843422,9.87236479232103e-06
3,-80.5362340585146,37.1878489244622,1.53400343474468e-05
3,-80.5362340585146,37.1883291645823,2.3243723086974e-05
3,-80.5362340585146,37.1888094047023,3.43447474769639e-05
3,-80.5362340585146,37.1892896448224,4.94870678632745e-05
3,-80.5362340585146,37.1897698849425,6.95347328105625e-05
3,-80.5362340585146,37.1902501250625,9.52780503705623e-05
3,-80.5362340585146,37.1907303651826,0.00012731151261893
3,-80.5362340585146,37.1912106053027,0.000165893504969633
3,-80.5362340585146,37.1916908454227,0.000210805295332486
3,-80.5362340585146,37.1921710855428,0.000261232980978289
3,-80.5362340585146,37.1926513256628,0.000315698970761701
3,-80.5362340585146,37.1931315657829,0.000372067455404462
3,-80.5362340585146,37.1936118059029,0.00042764029450203
3,-80.5362340585146,37.194092046023,0.000479346319286652
3,-80.5362340585146,37.1945722861431,0.000524010266318581
3,-80.5362340585146,37.1950525262631,0.000558670766735991
3,-80.5362340585146,37.1955327663832,0.000580903941718697
3,-80.5362340585146,37.1960130065033,0.000589103675001505
3,-80.5362340585146,37.1964932466233,0.000582673549796069
3,-80.5362340585146,37.1969734867434,0.00056209857546162
3,-80.5362340585146,37.1974537268634,0.000528884723003379
3,-80.5362340585146,37.1979339669835,0.00048537673499667
3,-80.5362340585146,37.1984142071035,0.00043448481226746
3,-80.5362340585146,37.1988944472236,0.000379364361976363
3,-80.5362340585146,37.1993746873437,0.000323097476713708
3,-80.5362340585146,37.1998549274637,0.000268419926470346
3,-80.5362340585146,37.2003351675838,0.000217525081466933
3,-80.5362340585146,37.2008154077038,0.000171959731851893
3,-80.5362340585146,37.2012956478239,0.000132610099642789
3,-80.5362340585146,37.201775887944,9.97627907605309e-05
3,-80.5362340585146,37.202256128064,7.32171047763544e-05
3,-80.5362340585146,37.2027363681841,5.24225798819504e-05
3,-80.5362340585146,37.2032166083041,3.66181206728171e-05
3,-80.5362340585146,37.2036968484242,2.49548803705105e-05
3,-80.5362340585146,37.2041770885443,1.65923020230533e-05
3,-80.5362340585146,37.2046573286643,1.07636453358166e-05
3,-80.5362340585146,37.2051375687844,6.81276596067148e-06
3,-80.5362340585146,37.2056178089044,4.20733750993626e-06
3,-80.5362340585146,37.2060980490245,2.53525492415428e-06
3,-80.5362340585146,37.2065782891446,1.49038247011512e-06
3,-80.5362340585146,37.2070585292646,8.53911609585276e-07
3,-80.5362340585146,37.2075387693847,4.72852005232429e-07
3,-80.5362340585146,37.2080190095048,1.59657272936068e-07
3,-80.5362340585146,37.2084992496248,6.0225453030048e-08
3,-80.5362340585146,37.2089794897449,3.1409663170947e-08
3,-80.5362340585146,37.2094597298649,3.57003655131568e-09
3,-80.5362340585146,37.209939969985,3.22673341955723e-10
3,-80.5362340585146,37.210420210105,0
3,-80.5362340585146,37.2109004502251,0
3,-80.5362340585146,37.2113806903452,0
3,-80.5362340585146,37.2118609304652,0
3,-80.5362340585146,37.2123411705853,0
3,-80.5362340585146,37.2128214107054,0
3,-80.5362340585146,37.2133016508254,0
3,-80.5362340585146,37.2137818909455,0
3,-80.5362340585146,37.2142621310655,0
3,-80.5362340585146,37.2147423711856,0
3,-80.5357539384846,37.1806453226613,0
3,-80.5357539384846,37.1811255627814,0
3,-80.5357539384846,37.1816058029015,0
3,-80.5357539384846,37.1820860430215,0
3,-80.5357539384846,37.1825662831416,4.74580015392082e-10
3,-80.5357539384846,37.1830465232616,1.88134865462379e-09
3,-80.5357539384846,37.1835267633817,8.44988692536934e-09
3,-80.5357539384846,37.1840070035017,1.69924373419315e-07
3,-80.5357539384846,37.1844872436218,3.60899698786475e-07
3,-80.5357539384846,37.1849674837419,6.78965224887246e-07
3,-80.5357539384846,37.1854477238619,1.19850529527244e-06
3,-80.5357539384846,37.185927963982,2.0647786620807e-06
3,-80.5357539384846,37.1864082041021,3.46568315896334e-06
3,-80.5357539384846,37.1868884442221,5.67218622964409e-06
3,-80.5357539384846,37.1873686843422,9.05232508196456e-06
3,-80.5357539384846,37.1878489244622,1.40870452904926e-05
3,-80.5357539384846,37.1883291645823,2.13762819625353e-05
3,-80.5357539384846,37.1888094047023,3.16300298220044e-05
3,-80.5357539384846,37.1892896448224,4.56378515330338e-05
3,-80.5357539384846,37.1897698849425,6.42114119161124e-05
3,-80.5357539384846,37.1902501250625,8.80976370515877e-05
3,-80.5357539384846,37.1907303651826,0.000117865085369336
3,-80.5357539384846,37.1912106053027,0.000153772654935459
3,-80.5357539384846,37.1916908454227,0.000195636777789829
3,-80.5357539384846,37.1921710855428,0.000242719151663022
3,-80.5357539384846,37.1926513256628,0.000293659950716096
3,-80.5357539384846,37.1931315657829,0.000346479681082117
3,-80.5357539384846,37.1936118059029,0.00039866553753601
3,-80.5357539384846,37.194092046023,0.000447345679434455
3,-80.5357539384846,37.1945722861431,0.000489539147108106
3,-80.5357539384846,37.1950525262631,0.000522453291644597
3,-80.5357539384846,37.1955327663832,0.000543788274759356
3,-80.5357539384846,37.1960130065033,0.000552002716809156
3,-80.5357539384846,37.1964932466233,0.000546497883840523
3,-80.5357539384846,37.1969734867434,0.00052768983331973
3,-80.5357539384846,37.1974537268634,0.000496957445803099
3,-80.5357539384846,37.1979339669835,0.0004564753540618
3,-80.5357539384846,37.1984142071035,0.000408959873084671
3,-80.5357539384846,37.1988944472236,0.000357369098860697
3,-80.5357539384846,37.1993746873437,0.000304602912696749
3,-80.5357539384846,37.1998549274637,0.000253244355331344
3,-80.5357539384846,37.2003351675838,0.000205372432905416
3,-80.5357539384846,37.2008154077038,0.000162461032330089
3,-80.5357539384846,37.2012956478239,0.000125362896429439
3,-80.5357539384846,37.201775887944,9.43647165605035e-05
3,-80.5357539384846,37.202256128064,6.92913650062922e-05
3,-80.5357539384846,37.2027363681841,4.96347046783246e-05
3,-80.5357539384846,37.2032166083041,3.46845875302842e-05
3,-80.5357539384846,37.2036968484242,2.36450484800721e-05
3,-80.5357539384846,37.2041770885443,1.57254887463361e-05
3,-80.5357539384846,37.2046573286643,1.02031881038003e-05
3,-80.5357539384846,37.2051375687844,6.45866526179731e-06
3,-80.5357539384846,37.2056178089044,3.98870515889461e-06
3,-80.5357539384846,37.2060980490245,2.40331259654226e-06
3,-80.5357539384846,37.2065782891446,1.41265975468394e-06
3,-80.5357539384846,37.2070585292646,8.09537287109893e-07
3,-80.5357539384846,37.2075387693847,4.49570608514914e-07
3,-80.5357539384846,37.2080190095048,1.54024905211635e-07
3,-80.5357539384846,37.2084992496248,5.78052323869838e-08
3,-80.5357539384846,37.2089794897449,3.03843648376233e-08
3,-80.5357539384846,37.2094597298649,2.21346538451821e-09
3,-80.5357539384846,37.209939969985,1.97757293080528e-10
3,-80.5357539384846,37.210420210105,0
3,-80.5357539384846,37.2109004502251,0
3,-80.5357539384846,37.2113806903452,0
3,-80.5357539384846,37.2118609304652,0
3,-80.5357539384846,37.2123411705853,0
3,-80.5357539384846,37.2128214107054,0
3,-80.5357539384846,37.2133016508254,0
3,-80.5357539384846,37.2137818909455,0
3,-80.5357539384846,37.2142621310655,0
3,-80.5357539384846,37.2147423711856,0
3,-80.5352738184546,37.1806453226613,0
3,-80.5352738184546,37.1811255627814,0
3,-80.5352738184546,37.1816058029015,0
3,-80.5352738184546,37.1820860430215,0
3,-80.5352738184546,37.1825662831416,2.68717631363614e-10
3,-80.5352738184546,37.1830465232616,1.08656517185013e-09
3,-80.5352738184546,37.1835267633817,5.22209699861022e-09
3,-80.5352738184546,37.1840070035017,1.51745469238717e-07
3,-80.5352738184546,37.1844872436218,3.26034089190727e-07
3,-80.5352738184546,37.1849674837419,6.17135889876236e-07
3,-80.5352738184546,37.1854477238619,1.09073949478399e-06
3,-80.5352738184546,37.185927963982,1.88085475970254e-06
3,-80.5352738184546,37.1864082041021,3.16067561349457e-06
3,-80.5352738184546,37.1868884442221,5.1789187730329e-06
3,-80.5352738184546,37.1873686843422,8.27438130088632e-06
3,-80.5352738184546,37.1878489244622,1.28905729799286e-05
3,-80.5352738184546,37.1883291645823,1.95817919467039e-05
3,-80.5352738184546,37.1888094047023,2.90054539502253e-05
3,-80.5352738184546,37.1892896448224,4.18945643739252e-05
3,-80.5352738184546,37.1897698849425,5.90052239086939e-05
3,-80.5352738184546,37.1902501250625,8.10367938875446e-05
3,-80.5352738184546,37.1907303651826,0.000108526927382107
3,-80.5352738184546,37.1912106053027,0.000141729719484152
3,-80.5352738184546,37.1916908454227,0.000180491779786757
3,-80.5352738184546,37.1921710855428,0.000224146592199427
3,-80.5352738184546,37.1926513256628,0.000271450352637185
3,-80.5352738184546,37.1931315657829,0.000320581002487685
3,-80.5352738184546,37.1936118059029,0.00036921556256552
3,-80.5352738184546,37.194092046023,0.000414689446663933
3,-80.5352738184546,37.1945722861431,0.000454226887474934
3,-80.5352738184546,37.1950525262631,0.000485216799339426
3,-80.5352738184546,37.1955327663832,0.00050549675539776
3,-80.5352738184546,37.1960130065033,0.00051360237798361
3,-80.5352738184546,37.1964932466233,0.000508942209632595
3,-80.5352738184546,37.1969734867434,0.000491869053558445
3,-80.5352738184546,37.1974537268634,0.00046363583487367
3,-80.5352738184546,37.1979339669835,0.000426243648456033
3,-80.5352738184546,37.1984142071035,0.000382207576538169
3,-80.5352738184546,37.1988944472236,0.000334278284736005
3,-80.5352738184546,37.1993746873437,0.000285161973973701
3,-80.5352738184546,37.1998549274637,0.000237277578503207
3,-80.5352738184546,37.2003351675838,0.000192579685628785
3,-80.5352738184546,37.2008154077038,0.000152461405285414
3,-80.5352738184546,37.2012956478239,0.000117736725664022
3,-80.5352738184546,37.201775887944,8.86897432808273e-05
3,-80.5352738184546,37.202256128064,6.51704841920621e-05
3,-80.5352738184546,37.2027363681841,4.67144406476854e-05
3,-80.5352738184546,37.2032166083041,3.26648292705127e-05
3,-80.5352738184546,37.2036968484242,2.22815218226605e-05
3,-80.5352738184546,37.2041770885443,1.48269044525028e-05
3,-80.5352738184546,37.2046573286643,9.6250508556537e-06
3,-80.5352738184546,37.2051375687844,6.09548042315887e-06
3,-80.5352738184546,37.2056178089044,3.76591390840326e-06
3,-80.5352738184546,37.2060980490245,2.26983999561399e-06
3,-80.5352738184546,37.2065782891446,1.33462754643705e-06
3,-80.5352738184546,37.2070585292646,7.65221533870982e-07
3,-80.5352738184546,37.2075387693847,4.2604076620698e-07
3,-80.5352738184546,37.2080190095048,1.4903204174319e-07
3,-80.5352738184546,37.2084992496248,5.60496742427121e-08
3,-80.5352738184546,37.2089794897449,2.96274598209066e-08
3,-80.5352738184546,37.2094597298649,1.33781961965762e-09
3,-80.5352738184546,37.209939969985,1.18136470548712e-10
3,-80.5352738184546,37.210420210105,0
3,-80.5352738184546,37.2109004502251,0
3,-80.5352738184546,37.2113806903452,0
3,-80.5352738184546,37.2118609304652,0
3,-80.5352738184546,37.2123411705853,0
3,-80.5352738184546,37.2128214107054,0
3,-80.5352738184546,37.2133016508254,0
3,-80.5352738184546,37.2137818909455,0
3,-80.5352738184546,37.2142621310655,0
3,-80.5352738184546,37.2147423711856,0
3,-80.5347936984246,37.1806453226613,0
3,-80.5347936984246,37.1811255627814,0
3,-80.5347936984246,37.1816058029015,0
3,-80.5347936984246,37.1820860430215,0
3,-80.5347936984246,37.1825662831416,8.74909560456819e-11
3,-80.5347936984246,37.1830465232616,4.84892818403806e-10
3,-80.5347936984246,37.1835267633817,2.92726733648683e-09
3,-80.5347936984246,37.1840070035017,1.34441487283787e-07
3,-80.5347936984246,37.1844872436218,2.92131365469186e-07
3,-80.5347936984246,37.1849674837419,5.5628598639423e-07
3,-80.5347936984246,37.1854477238619,9.84299818320731e-07
3,-80.5347936984246,37.185927963982,1.69881528347798e-06
3,-80.5347936984246,37.1864082041021,2.85776910866878e-06
3,-80.5347936984246,37.1868884442221,4.68740020725071e-06
3,-80.5347936984246,37.1873686843422,7.49660624610372e-06
3,-80.5347936984246,37.1878489244622,1.16903946805258e-05
3,-80.5347936984246,37.1883291645823,1.77758216506554e-05
3,-80.5347936984246,37.1888094047023,2.63554630011938e-05
3,-80.5347936984246,37.1892896448224,3.81027810763708e-05
3,-80.5347936984246,37.1897698849425,5.37146249770704e-05
3,-80.5347936984246,37.1902501250625,7.38385628674237e-05
3,-80.5347936984246,37.1907303651826,9.89769078362099e-05
3,-80.5347936984246,37.1912106053027,0.000129374833181325
3,-80.5347936984246,37.1916908454227,0.000164906008599762
3,-80.5347936984246,37.1921710855428,0.000204974367534366
3,-80.5347936984246,37.1926513256628,0.000248453329706509
3,-80.5347936984246,37.1931315657829,0.000293682600668303
3,-80.5347936984246,37.1936118059029,0.000338536746351591
3,-80.5347936984246,37.194092046023,0.000380569355662922
3,-80.5347936984246,37.1945722861431,0.000417223272915794
3,-80.5347936984246,37.1950525262631,0.000446083705639487
3,-80.5347936984246,37.1955327663832,0.00046514013729134
3,-80.5347936984246,37.1960130065033,0.000473017782540001
3,-80.5347936984246,37.1964932466233,0.000469141596011616
3,-80.5347936984246,37.1969734867434,0.00045380565489455
3,-80.5347936984246,37.1974537268634,0.000428136291829895
3,-80.5347936984246,37.1979339669835,0.000393955393703085
3,-80.5347936984246,37.1984142071035,0.000353566897840485
3,-80.5347936984246,37.1988944472236,0.000309501185930878
3,-80.5347936984246,37.1993746873437,0.000264256561830018
3,-80.5347936984246,37.1998549274637,0.000220073866490518
3,-80.5347936984246,37.2003351675838,0.000178770880116565
3,-80.5347936984246,37.2008154077038,0.000141650119067213
3,-80.5347936984246,37.2012956478239,0.000109480070008455
3,-80.5347936984246,37.201775887944,8.25385934572763e-05
3,-80.5347936984246,37.202256128064,6.06999945861229e-05
3,-80.5347936984246,37.2027363681841,4.35447021158828e-05
3,-80.5347936984246,37.2032166083041,3.04720956679056e-05
3,-80.5347936984246,37.2036968484242,2.0801498672526e-05
3,-80.5347936984246,37.2041770885443,1.38521414147113e-05
3,-80.5347936984246,37.2046573286643,8.99857152375829e-06
3,-80.5347936984246,37.2051375687844,5.7025439834253e-06
3,-80.5347936984246,37.2056178089044,3.52537917022729e-06
3,-80.5347936984246,37.2060980490245,2.12612351913177e-06
3,-80.5347936984246,37.2065782891446,1.25088149858362e-06
3,-80.5347936984246,37.2070585292646,7.17719876994901e-07
3,-80.5347936984246,37.2075387693847,4.00460658870024e-07
3,-80.5347936984246,37.2080190095048,1.43405185659148e-07
3,-80.5347936984246,37.2084992496248,5.42589522638911e-08
3,-80.5347936984246,37.2089794897449,2.87898077481353e-08
3,-80.5347936984246,37.2094597298649,7.88219858415996e-10
3,-80.5347936984246,37.209939969985,6.87887687206394e-11
3,-80.5347936984246,37.210420210105,0
3,-80.5347936984246,37.2109004502251,0
3,-80.5347936984246,37.2113806903452,0
3,-80.5347936984246,37.2118609304652,0
3,-80.5347936984246,37.2123411705853,0
3,-80.5347936984246,37.2128214107054,0
3,-80.5347936984246,37.2133016508254,0
3,-80.5347936984246,37.2137818909455,0
3,-80.5347936984246,37.2142621310655,0
3,-80.5347936984246,37.2147423711856,0
3,-80.5343135783946,37.1806453226613,0
3,-80.5343135783946,37.1811255627814,0
3,-80.5343135783946,37.1816058029015,0
3,-80.5343135783946,37.1820860430215,0
3,-80.5343135783946,37.1825662831416,3.90420974697584e-11
3,-80.5343135783946,37.1830465232616,2.53266101179748e-10
3,-80.5343135783946,37.1835267633817,1.71676135774386e-09
3,-80.5343135783946,37.1840070035017,1.18588790693375e-07
3,-80.5343135783946,37.1844872436218,2.60189891130947e-07
3,-80.5343135783946,37.1849674837419,4.98050897848385e-07
3,-80.5343135783946,37.1854477238619,8.81874120072322e-07
3,-80.5343135783946,37.185927963982,1.52287868130278e-06
3,-80.5343135783946,37.1864082041021,2.56354823586769e-06
3,-80.5343135783946,37.1868884442221,4.20766189496935e-06
3,-80.5343135783946,37.1873686843422,6.7339155462378e-06
3,-80.5343135783946,37.1878489244622,1.05081554149794e-05
3,-80.5343135783946,37.1883291645823,1.59890246017242e-05
3,-80.5343135783946,37.1888094047023,2.37224177975667e-05
3,-80.5343135783946,37.1892896448224,3.43196162829314e-05
3,-80.5343135783946,37.1897698849425,4.84147335577412e-05
3,-80.5343135783946,37.1902501250625,6.65992945860069e-05
3,-80.5343135783946,37.1907303651826,8.93355125141796e-05
3,-80.5343135783946,37.1912106053027,0.000116854828649533
3,-80.5343135783946,37.1916908454227,0.000149053768152967
3,-80.5343135783946,37.1921710855428,0.000185403912412707
3,-80.5343135783946,37.1926513256628,0.000224895340946944
3,-80.5343135783946,37.1931315657829,0.000266031922887842
3,-80.5343135783946,37.1936118059029,0.000306891585614336
3,-80.5343135783946,37.194092046023,0.000345255359995055
3,-80.5343135783946,37.1945722861431,0.000378796939812796
3,-80.5343135783946,37.1950525262631,0.000405312035257919
3,-80.5343135783946,37.1955327663832,0.000422956797909792
3,-80.5343135783946,37.1960130065033,0.000430459685297614
3,-80.5343135783946,37.1964932466233,0.000427272975323247
3,-80.5343135783946,37.1969734867434,0.000413638852634953
3,-80.5343135783946,37.1974537268634,0.000390558996096649
3,-80.5343135783946,37.1979339669835,0.000359672968399101
3,-80.5343135783946,37.1984142071035,0.000323065902852107
3,-80.5343135783946,37.1988944472236,0.000283036772922585
3,-80.5343135783946,37.1993746873437,0.000241862838231909
3,-80.5343135783946,37.1998549274637,0.00020159323376128
3,-80.5343135783946,37.2003351675838,0.000163896282352194
3,-80.5343135783946,37.2008154077038,0.000129973324863899
3,-80.5343135783946,37.2012956478239,0.000100539506196822
3,-80.5343135783946,37.201775887944,7.58615726451525e-05
3,-80.5343135783946,37.202256128064,5.58360173176257e-05
3,-80.5343135783946,37.2027363681841,4.00884408336009e-05
3,-80.5343135783946,37.2032166083041,2.80763326339577e-05
3,-80.5343135783946,37.2036968484242,1.91814791157775e-05
3,-80.5343135783946,37.2041770885443,1.27834473614905e-05
3,-80.5343135783946,37.2046573286643,8.31077231078103e-06
3,-80.5343135783946,37.2051375687844,5.27066282138929e-06
3,-80.5343135783946,37.2056178089044,3.26078454082396e-06
3,-80.5343135783946,37.2060980490245,1.96795046397712e-06
3,-80.5343135783946,37.2065782891446,1.15862575391136e-06
3,-80.5343135783946,37.2070585292646,6.65308855932367e-07
3,-80.5343135783946,37.2075387693847,3.71889908287903e-07
3,-80.5343135783946,37.2080190095048,1.36357214284179e-07
3,-80.5343135783946,37.2084992496248,5.19866665313623e-08
3,-80.5343135783946,37.2089794897449,2.76520764798531e-08
3,-80.5343135783946,37.2094597298649,4.52712407525335e-10
3,-80.5343135783946,37.209939969985,3.90420974697584e-11
3,-80.5343135783946,37.210420210105,0
3,-80.5343135783946,37.2109004502251,0
3,-80.5343135783946,37.2113806903452,0
3,-80.5343135783946,37.2118609304652,0
3,-80.5343135783946,37.2123411705853,0
3,-80.5343135783946,37.2128214107054,0
3,-80.5343135783946,37.2133016508254,0
3,-80.5343135783946,37.2137818909455,0
3,-80.5343135783946,37.2142621310655,0
3,-80.5343135783946,37.2147423711856,0
3,-80.5338334583646,37.1806453226613,0
3,-80.5338334583646,37.1811255627814,0
3,-80.5338334583646,37.1816058029015,0
3,-80.5338334583646,37.1820860430215,0
3,-80.5338334583646,37.1825662831416,2.15988589363477e-11
3,-80.5338334583646,37.1830465232616,1.28111804995736e-10
3,-80.5338334583646,37.1835267633817,9.84780608604541e-10
3,-80.5338334583646,37.1840070035017,1.03455350755664e-07
3,-80.5338334583646,37.1844872436218,2.29019677918927e-07
3,-80.5338334583646,37.1849674837419,4.4049362097094e-07
3,-80.5338334583646,37.1854477238619,7.80383906430905e-07
3,-80.5338334583646,37.185927963982,1.34822823990597e-06
3,-80.5338334583646,37.1864082041021,2.27077822859837e-06
3,-80.5338334583646,37.1868884442221,3.72916041916451e-06
3,-80.5338334583646,37.1873686843422,5.97141303467627e-06
3,-80.5338334583646,37.1878489244622,9.32347208461151e-06
3,-80.5338334583646,37.1883291645823,1.41944224156632e-05
3,-80.5338334583646,37.1888094047023,2.10718363625786e-05
3,-80.5338334583646,37.1892896448224,3.0502604472017e-05
3,-80.5338334583646,37.1897698849425,4.3055313204949e-05
3,-80.5338334583646,37.1902501250625,5.9262152883664e-05
3,-80.5338334583646,37.1907303651826,7.95416546130768e-05
3,-80.5338334583646,37.1912106053027,0.000104108010896704
3,-80.5338334583646,37.1916908454227,0.000132877647850269
3,-80.5338334583646,37.1921710855428,0.000165388001703139
3,-80.5338334583646,37.1926513256628,0.000200745805569427
3,-80.5338334583646,37.1931315657829,0.000237621417963995
3,-80.5338334583646,37.1936118059029,0.000274301128047959
3,-80.5338334583646,37.194092046023,0.00030880111033482
3,-80.5338334583646,37.1945722861431,0.000339035946541328
3,-80.5338334583646,37.1950525262631,0.000363023456027468
3,-80.5338334583646,37.1955327663832,0.000379098524842831
3,-80.5338334583646,37.1960130065033,0.000386104071948078
3,-80.5338334583646,37.1964932466233,0.000383528756788409
3,-80.5338334583646,37.1969734867434,0.000371568664569589
3,-80.5338334583646,37.1974537268634,0.000351102637969763
3,-80.5338334583646,37.1979339669835,0.000323585562685843
3,-80.5338334583646,37.1984142071035,0.00029087759411424
3,-80.5338334583646,37.1988944472236,0.000255037127171956
3,-80.5338334583646,37.1993746873437,0.000218109360954011
3,-80.5338334583646,37.1998549274637,0.00018194014215461
3,-80.5338334583646,37.2003351675838,0.000148037396257121
3,-80.5338334583646,37.2008154077038,0.000117491961150195
3,-80.5338334583646,37.2012956478239,9.09585525390613e-05
3,-80.5338334583646,37.201775887944,6.86882080567979e-05
3,-80.5338334583646,37.202256128064,5.05974203237805e-05
3,-80.5338334583646,37.2027363681841,3.63568349191585e-05
3,-80.5338334583646,37.2032166083041,2.54834888908527e-05
3,-80.5338334583646,37.2036968484242,1.74240893474816e-05
3,-80.5338334583646,37.2041770885443,1.16215100810013e-05
3,-80.5338334583646,37.2046573286643,7.56134062700942e-06
3,-80.5338334583646,37.2051375687844,4.79911217171908e-06
3,-80.5338334583646,37.2056178089044,2.97132761131783e-06
3,-80.5338334583646,37.2060980490245,1.79460542791285e-06
3,-80.5338334583646,37.2065782891446,1.05734581815183e-06
3,-80.5338334583646,37.2070585292646,6.07641694611262e-07
3,-80.5338334583646,37.2075387693847,3.40164169568408e-07
3,-80.5338334583646,37.2080190095048,1.27546584931928e-07
3,-80.5338334583646,37.2084992496248,4.9011471225097e-08
3,-80.5338334583646,37.2089794897449,2.61102022287917e-08
3,-80.5338334583646,37.2094597298649,2.5346783843931e-10
3,-80.5338334583646,37.209939969985,2.15988589363477e-11
3,-80.5338334583646,37.210420210105,0
3,-80.5338334583646,37.2109004502251,0
3,-80.5338334583646,37.2113806903452,0
3,-80.5338334583646,37.2118609304652,0
3,-80.5338334583646,37.2123411705853,0
3,-80.5338334583646,37.2128214107054,0
3,-80.5338334583646,37.2133016508254,0
3,-80.5338334583646,37.2137818909455,0
3,-80.5338334583646,37.2142621310655,0
3,-80.5338334583646,37.2147423711856,0
3,-80.5333533383346,37.1806453226613,0
3,-80.5333533383346,37.1811255627814,0
3,-80.5333533383346,37.1816058029015,0
3,-80.5333533383346,37.1820860430215,0
3,-80.5333533383346,37.1825662831416,1.16469050791219e-11
3,-80.5333533383346,37.1830465232616,4.80675437423583e-11
3,-80.5333533383346,37.1835267633817,5.18180149069272e-10
3,-80.5333533383346,37.1840070035017,8.8994757705685e-08
3,-80.5333533383346,37.1844872436218,1.98662015905207e-07
3,-80.5333533383346,37.1849674837419,3.83815403192869e-07
3,-80.5333533383346,37.1854477238619,6.8028950771396e-07
3,-80.5333533383346,37.185927963982,1.1757832089116e-06
3,-80.5333533383346,37.1864082041021,1.9812673195504e-06
3,-80.5333533383346,37.1868884442221,3.25526542831071e-06
3,-80.5333533383346,37.1873686843422,5.21509455744953e-06
3,-80.5333533383346,37.1878489244622,8.14658343473669e-06
3,-80.5333533383346,37.1883291645823,1.24088520472121e-05
3,-80.5333533383346,37.1888094047023,1.8430446198473e-05
3,-80.5333533383346,37.1892896448224,2.66927762759368e-05
3,-80.5333533383346,37.1897698849425,3.76973597374123e-05
3,-80.5333533383346,37.1902501250625,5.19150375080656e-05
3,-80.5333533383346,37.1907303651826,6.97182274193269e-05
3,-80.5333533383346,37.1912106053027,9.13011842646843e-05
3,-80.5333533383346,37.1916908454227,0.000116597563568629
3,-80.5333533383346,37.1921710855428,0.000145208386215411
3,-80.5333533383346,37.1926513256628,0.000176355628327348
3,-80.5333533383346,37.1931315657829,0.00020887605595998
3,-80.5333533383346,37.1936118059029,0.00024126596143368
3,-80.5333533383346,37.194092046023,0.000271780253785965
3,-80.5333533383346,37.1945722861431,0.000298579919996857
3,-80.5333533383346,37.1950525262631,0.000319912013111764
3,-80.5333533383346,37.1955327663832,0.00033429827482849
3,-80.5333533383346,37.1960130065033,0.000340704365821203
3,-80.5333533383346,37.1964932466233,0.000338662819017615
3,-80.5333533383346,37.1969734867434,0.000328329416275839
3,-80.5333533383346,37.1974537268634,0.000310463549243221
3,-80.5333533383346,37.1979339669835,0.000286336000608866
3,-80.5333533383346,37.1984142071035,0.000257579691036755
3,-80.5333533383346,37.1988944472236,0.000226007705449192
3,-80.5333533383346,37.1993746873437,0.000193426635751568
3,-80.5333533383346,37.1998549274637,0.000161471518745496
3,-80.5333533383346,37.2003351675838,0.000131482263134577
3,-80.5333533383346,37.2008154077038,0.000104432265423416
3,-80.5333533383346,37.2012956478239,8.09101342533017e-05
3,-80.5333533383346,37.201775887944,6.11471093391461e-05
3,-80.5333533383346,37.202256128064,4.50772574067116e-05
3,-80.5333533383346,37.2027363681841,3.24153702946264e-05
3,-80.5333533383346,37.2032166083041,2.27383774193928e-05
3,-80.5333533383346,37.2036968484242,1.55591397483229e-05
3,-80.5333533383346,37.2041770885443,1.03855993373596e-05
3,-80.5333533383346,37.2046573286643,6.76237499698973e-06
3,-80.5333533383346,37.2051375687844,4.29526585306138e-06
3,-80.5333533383346,37.2056178089044,2.66136806609169e-06
3,-80.5333533383346,37.2060980490245,1.60858669323053e-06
3,-80.5333533383346,37.2065782891446,9.48437569855112e-07
3,-80.5333533383346,37.2070585292646,5.45477882868251e-07
3,-80.5333533383346,37.2075387693847,3.05745463801556e-07
3,-80.5333533383346,37.2080190095048,1.17007179917225e-07
3,-80.5333533383346,37.2084992496248,4.52972227660056e-08
3,-80.5333533383346,37.2089794897449,2.41549620448854e-08
3,-80.5333533383346,37.2094597298649,1.38340386764569e-10
3,-80.5333533383346,37.209939969985,1.16469050791219e-11
3,-80.5333533383346,37.210420210105,0
3,-80.5333533383346,37.2109004502251,0
3,-80.5333533383346,37.2113806903452,0
3,-80.5333533383346,37.2118609304652,0
3,-80.5333533383346,37.2123411705853,0
3,-80.5333533383346,37.2128214107054,0
3,-80.5333533383346,37.2133016508254,0
3,-80.5333533383346,37.2137818909455,0
3,-80.5333533383346,37.2142621310655,0
3,-80.5333533383346,37.2147423711856,0
3,-80.5328732183046,37.1806453226613,0
3,-80.5328732183046,37.1811255627814,0
3,-80.5328732183046,37.1816058029015,0
3,-80.5328732183046,37.1820860430215,0
3,-80.5328732183046,37.1825662831416,0
3,-80.5328732183046,37.1830465232616,0
3,-80.5328732183046,37.1835267633817,2.45165516703301e-10
3,-80.5328732183046,37.1840070035017,7.54333048177062e-08
3,-80.5328732183046,37.1844872436218,1.69674121451964e-07
3,-80.5328732183046,37.1849674837419,3.29139872992122e-07
3,-80.5328732183046,37.1854477238619,5.83607264747952e-07
3,-80.5328732183046,37.185927963982,1.00899524874861e-06
3,-80.5328732183046,37.1864082041021,1.70088647370076e-06
3,-80.5328732183046,37.1868884442221,2.79570729714121e-06
3,-80.5328732183046,37.1873686843422,4.48067461703619e-06
3,-80.5328732183046,37.1878489244622,7.00221999789118e-06
3,-80.5328732183046,37.1883291645823,1.06702395200382e-05
3,-80.5328732183046,37.1888094047023,1.58549260111266e-05
3,-80.5328732183046,37.1892896448224,2.29726760911518e-05
3,-80.5328732183046,37.1897698849425,3.24580239218001e-05
3,-80.5328732183046,37.1902501250625,4.47199786179789e-05
3,-80.5328732183046,37.1907303651826,6.00836253584563e-05
3,-80.5328732183046,37.1912106053027,7.87212169545192e-05
3,-80.5328732183046,37.1916908454227,0.000100580727410529
3,-80.5328732183046,37.1921710855428,0.000125323146736985
3,-80.5328732183046,37.1926513256628,0.000152281677688482
3,-80.5328732183046,37.1931315657829,0.000180455529441542
3,-80.5328732183046,37.1936118059029,0.00020854763813996
3,-80.5328732183046,37.194092046023,0.000235049464473892
3,-80.5328732183046,37.1945722861431,0.000258367880823308
3,-80.5328732183046,37.1950525262631,0.00027698061510633
3,-80.5328732183046,37.1955327663832,0.000289599696448129
3,-80.5328732183046,37.1960130065033,0.000295318676068695
3,-80.5328732183046,37.1964932466233,0.00029372027332062
3,-80.5328732183046,37.1969734867434,0.000284926692735241
3,-80.5328732183046,37.1974537268634,0.000269584188884905
3,-80.5328732183046,37.1979339669835,0.00024878458464392
3,-80.5328732183046,37.1984142071035,0.00022393697272854
3,-80.5328732183046,37.1988944472236,0.000196610511558151
3,-80.5328732183046,37.1993746873437,0.000168372566329153
3,-80.5328732183046,37.1998549274637,0.000140645037868193
3,-80.5328732183046,37.2003351675838,0.000114596279438418
3,-80.5328732183046,37.2008154077038,9.10780816310703e-05
3,-80.5328732183046,37.2012956478239,7.06087287773457e-05
3,-80.5328732183046,37.201775887944,5.33958660245063e-05
3,-80.5328732183046,37.202256128064,3.93880788770564e-05
3,-80.5328732183046,37.2027363681841,2.83421440831199e-05
3,-80.5328732183046,37.2032166083041,1.98936173778229e-05
3,-80.5328732183046,37.2036968484242,1.36210310525618e-05
3,-80.5328732183046,37.2041770885443,9.09751858220627e-06
3,-80.5328732183046,37.2046573286643,5.92725778054901e-06
3,-80.5328732183046,37.2051375687844,3.76706648077206e-06
3,-80.5328732183046,37.2056178089044,2.33545564318145e-06
3,-80.5328732183046,37.2060980490245,1.41240305389119e-06
3,-80.5328732183046,37.2065782891446,8.33227755491912e-07
3,-80.5328732183046,37.2070585292646,4.79496883899413e-07
3,-80.5328732183046,37.2075387693847,2.68994438911784e-07
3,-80.5328732183046,37.2080190095048,1.04709130240139e-07
3,-80.5328732183046,37.2084992496248,4.07474815245632e-08
3,-80.5328732183046,37.2089794897449,2.17420858651649e-08
3,-80.5328732183046,37.2094597298649,1.59880327022837e-11
3,-80.5328732183046,37.209939969985,0
3,-80.5328732183046,37.210420210105,0
3,-80.5328732183046,37.2109004502251,0
3,-80.5328732183046,37.2113806903452,0
3,-80.5328732183046,37.2118609304652,0
3,-80.5328732183046,37.2123411705853,0
3,-80.5328732183046,37.2128214107054,0
3,-80.5328732183046,37.2133016508254,0
3,-80.5328732183046,37.2137818909455,0
3,-80.5328732183046,37.2142621310655,0
3,-80.5328732183046,37.2147423711856,0
3,-80.5323930982746,37.1806453226613,0
3,-80.5323930982746,37.1811255627814,0
3,-80.5323930982746,37.1816058029015,0
3,-80.5323930982746,37.1820860430215,0
3,-80.5323930982746,37.1825662831416,0
3,-80.5323930982746,37.1830465232616,0
3,-80.5323930982746,37.1835267633817,1.26542861017681e-10
3,-80.5323930982746,37.1840070035017,6.2955864033046e-08
3,-80.5323930982746,37.1844872436218,1.4255247463567e-07
3,-80.5323930982746,37.1849674837419,2.77529765662309e-07
3,-80.5323930982746,37.1854477238619,4.92235881440673e-07
3,-80.5323930982746,37.185927963982,8.51257926933628e-07
3,-80.5323930982746,37.1864082041021,1.43541771802554e-06
3,-80.5323930982746,37.1868884442221,2.3600969200994e-06
3,-80.5323930982746,37.1873686843422,3.78373820359164e-06
3,-80.5323930982746,37.1878489244622,5.91503697946349e-06
3,-80.5323930982746,37.1883291645823,9.01663632963577e-06
3,-80.5323930982746,37.1888094047023,1.34025684264827e-05
3,-80.5323930982746,37.1892896448224,1.94264615788892e-05
3,-80.5323930982746,37.1897698849425,2.74579097377408e-05
3,-80.5323930982746,37.1902501250625,3.78455960995102e-05
3,-80.5323930982746,37.1907303651826,5.08678560150051e-05
3,-80.5323930982746,37.1912106053027,6.66742133944984e-05
3,-80.5323930982746,37.1916908454227,8.52246051943464e-05
3,-80.5323930982746,37.1921710855428,0.000106235832537338
3,-80.5323930982746,37.1926513256628,0.000129146405893579
3,-80.5323930982746,37.1931315657829,0.00015311060049565
3,-80.5323930982746,37.1936118059029,0.000177029729488206
3,-80.5323930982746,37.194092046023,0.00019962343598308
3,-80.5323930982746,37.1945722861431,0.000219536915484783
3,-80.5323930982746,37.1950525262631,0.000235472713049772
3,-80.5323930982746,37.1955327663832,0.000246329731497106
3,-80.5323930982746,37.1960130065033,0.000251328895352631
3,-80.5323930982746,37.1964932466233,0.00025010557227771
3,-80.5323930982746,37.1969734867434,0.000242753525568048
3,-80.5323930982746,37.1974537268634,0.000229813042771325
3,-80.5323930982746,37.1979339669835,0.000212205326135036
3,-80.5323930982746,37.1984142071035,0.000191124204238288
3,-80.5323930982746,37.1988944472236,0.000167902821264138
3,-80.5323930982746,37.1993746873437,0.00014387589033246
3,-80.5323930982746,37.1998549274637,0.000120256991783856
3,-80.5323930982746,37.2003351675838,9.80458419548308e-05
3,-80.5323930982746,37.2008154077038,7.79737614749201e-05
3,-80.5323930982746,37.2012956478239,6.04883632756733e-05
3,-80.5323930982746,37.201775887944,4.5772269194094e-05
3,-80.5323930982746,37.202256128064,3.37864959409248e-05
3,-80.5323930982746,37.2027363681841,2.4327439448692e-05
3,-80.5323930982746,37.2032166083041,1.70869368297023e-05
3,-80.5323930982746,37.2036968484242,1.17070695151081e-05
3,-80.5323930982746,37.2041770885443,7.82437254256165e-06
3,-80.5323930982746,37.2046573286643,5.10115961495094e-06
3,-80.5323930982746,37.2051375687844,3.24419281198141e-06
3,-80.5323930982746,37.2056178089044,2.01262373491835e-06
3,-80.5323930982746,37.2060980490245,1.21796861168714e-06
3,-80.5323930982746,37.2065782891446,7.18995408406255e-07
3,-80.5323930982746,37.2070585292646,4.14029372147289e-07
3,-80.5323930982746,37.2075387693847,2.32476214351093e-07
3,-80.5323930982746,37.2080190095048,9.19702840853713e-08
3,-80.5323930982746,37.2084992496248,3.60206278244679e-08
3,-80.5323930982746,37.2089794897449,1.92264167789782e-08
3,-80.5323930982746,37.2094597298649,0
3,-80.5323930982746,37.209939969985,0
3,-80.5323930982746,37.210420210105,0
3,-80.5323930982746,37.2109004502251,0
3,-80.5323930982746,37.2113806903452,0
3,-80.5323930982746,37.2118609304652,0
3,-80.5323930982746,37.2123411705853,0
3,-80.5323930982746,37.2128214107054,0
3,-80.5323930982746,37.2133016508254,0
3,-80.5323930982746,37.2137818909455,0
3,-80.5323930982746,37.2142621310655,0
3,-80.5323930982746,37.2147423711856,0
3,-80.5319129782446,37.1806453226613,0
3,-80.5319129782446,37.1811255627814,0
3,-80.5319129782446,37.1816058029015,0
3,-80.5319129782446,37.1820860430215,0
3,-80.5319129782446,37.1825662831416,0
3,-80.5319129782446,37.1830465232616,0
3,-80.5319129782446,37.1835267633817,6.89255802336116e-11
3,-80.5319129782446,37.1840070035017,5.16475040808875e-08
3,-80.5319129782446,37.1844872436218,1.17628124146161e-07
3,-80.5319129782446,37.1849674837419,2.2973768251332e-07
3,-80.5319129782446,37.1854477238619,4.07565281906345e-07
3,-80.5319129782446,37.185927963982,7.05001587345004e-07
3,-80.5319129782446,37.1864082041021,1.18909383852992e-06
3,-80.5319129782446,37.1868884442221,1.95560245510075e-06
3,-80.5319129782446,37.1873686843422,3.13609241911955e-06
3,-80.5319129782446,37.1878489244622,4.90395545016397e-06
3,-80.5319129782446,37.1883291645823,7.47754849907876e-06
3,-80.5319129782446,37.1888094047023,1.11181572133346e-05
3,-80.5319129782446,37.1892896448224,1.61203005248618e-05
3,-80.5319129782446,37.1897698849425,2.27921980896198e-05
3,-80.5319129782446,37.1902501250625,3.14252062211503e-05
3,-80.5319129782446,37.1907303651826,4.22527604767245e-05
3,-80.5319129782446,37.1912106053027,5.54017282044278e-05
3,-80.5319129782446,37.1916908454227,7.08417229219956e-05
3,-80.5319129782446,37.1921710855428,8.83402947611489e-05
3,-80.5319129782446,37.1926513256628,0.000107433290068625
3,-80.5319129782446,37.1931315657829,0.000127419412679991
3,-80.5319129782446,37.1936118059029,0.000147385716012169
3,-80.5319129782446,37.194092046023,0.000166266449896488
3,-80.5319129782446,37.1945722861431,0.00018293196411351
3,-80.5319129782446,37.1950525262631,0.000196298311812487
3,-80.5319129782446,37.1955327663832,0.000205443160499087
3,-80.5319129782446,37.1960130065033,0.000209710907089643
3,-80.5319129782446,37.1964932466233,0.00020879037710576
3,-80.5319129782446,37.1969734867434,0.000202752319771429
3,-80.5319129782446,37.1974537268634,0.0001920404269958
3,-80.5319129782446,37.1979339669835,0.000177417458076533
3,-80.5319129782446,37.1984142071035,0.00015987555077123
3,-80.5319129782446,37.1988944472236,0.000140525347027828
3,-80.5319129782446,37.1993746873437,0.000120481070104158
3,-80.5319129782446,37.1998549274637,0.000100757835603622
3,-80.5319129782446,37.2003351675838,8.21937345526967e-05
3,-80.5319129782446,37.2008154077038,6.54036721132854e-05
3,-80.5319129782446,37.2012956478239,5.07659352610132e-05
3,-80.5319129782446,37.201775887944,3.84372595095462e-05
3,-80.5319129782446,37.202256128064,2.83886496816174e-05
3,-80.5319129782446,37.2027363681841,2.04527387570852e-05
3,-80.5319129782446,37.2032166083041,1.43738901176144e-05
3,-80.5319129782446,37.2036968484242,9.8540451843176e-06
3,-80.5319129782446,37.2041770885443,6.58981136045608e-06
3,-80.5319129782446,37.2046573286643,4.29882731523013e-06
3,-80.5319129782446,37.2051375687844,2.7355555033008e-06
3,-80.5319129782446,37.2056178089044,1.69808355776157e-06
3,-80.5319129782446,37.2060980490245,1.02822843796162e-06
3,-80.5319129782446,37.2065782891446,6.07345452949546e-07
3,-80.5319129782446,37.2070585292646,3.4994172763847e-07
3,-80.5319129782446,37.2075387693847,1.96633378371562e-07
3,-80.5319129782446,37.2080190095048,7.88829235285048e-08
3,-80.5319129782446,37.2084992496248,3.10713200023987e-08
3,-80.5319129782446,37.2089794897449,1.65947305345643e-08
3,-80.5319129782446,37.2094597298649,0
3,-80.5319129782446,37.209939969985,0
3,-80.5319129782446,37.210420210105,0
3,-80.5319129782446,37.2109004502251,0
3,-80.5319129782446,37.2113806903452,0
3,-80.5319129782446,37.2118609304652,0
3,-80.5319129782446,37.2123411705853,0
3,-80.5319129782446,37.2128214107054,0
3,-80.5319129782446,37.2133016508254,0
3,-80.5319129782446,37.2137818909455,0
3,-80.5319129782446,37.2142621310655,0
3,-80.5319129782446,37.2147423711856,0
3,-80.5314328582145,37.1806453226613,0
3,-80.5314328582145,37.1811255627814,0
3,-80.5314328582145,37.1816058029015,0
3,-80.5314328582145,37.1820860430215,0
3,-80.5314328582145,37.1825662831416,0
3,-80.5314328582145,37.1830465232616,0
3,-80.5314328582145,37.1835267633817,1.16562263311889e-11
3,-80.5314328582145,37.1840070035017,4.15417506299979e-08
3,-80.5314328582145,37.1844872436218,9.51143733682442e-08
3,-80.5314328582145,37.1849674837419,1.86321209845018e-07
3,-80.5314328582145,37.1854477238619,3.30617138790386e-07
3,-80.5314328582145,37.185927963982,5.72031109721933e-07
3,-80.5314328582145,37.1864082041021,9.65051335218501e-07
3,-80.5314328582145,37.1868884442221,1.58753410490033e-06
3,-80.5314328582145,37.1873686843422,2.54649671609709e-06
3,-80.5314328582145,37.1878489244622,3.98305440127492e-06
3,-80.5314328582145,37.1883291645823,6.07502666855309e-06
3,-80.5314328582145,37.1888094047023,9.03534742021625e-06
3,-80.5314328582145,37.1892896448224,1.31042517910584e-05
3,-80.5314328582145,37.1897698849425,1.85334551307945e-05
3,-80.5314328582145,37.1902501250625,2.5561333720857e-05
3,-80.5314328582145,37.1907303651826,3.43795216958955e-05
3,-80.5314328582145,37.1912106053027,4.5093262208682e-05
3,-80.5314328582145,37.1916908454227,5.76800112082583e-05
3,-80.5314328582145,37.1921710855428,7.19527270874875e-05
3,-80.5314328582145,37.1926513256628,8.75354209619904e-05
3,-80.5314328582145,37.1931315657829,0.000103858353813843
3,-80.5314328582145,37.1936118059029,0.000120178414735147
3,-80.5314328582145,37.194092046023,0.000135626725800261
3,-80.5314328582145,37.1945722861431,0.000149280863650757
3,-80.5314328582145,37.1950525262631,0.000160254140797519
3,-80.5314328582145,37.1955327663832,0.000167790258297862
3,-80.5314328582145,37.1960130065033,0.000171349390147992
3,-80.5314328582145,37.1964932466233,0.000170672106515451
3,-80.5314328582145,37.1969734867434,0.000165810624184736
3,-80.5314328582145,37.1974537268634,0.000157122158451522
3,-80.5314328582145,37.1979339669835,0.000145225550690077
3,-80.5314328582145,37.1984142071035,0.000130928481553033
3,-80.5314328582145,37.1988944472236,0.000115137144897583
3,-80.5314328582145,37.1993746873437,9.87623546876432e-05
3,-80.5314328582145,37.1998549274637,8.26354100177951e-05
3,-80.5314328582145,37.2003351675838,6.74440259831474e-05
3,-80.5314328582145,37.2008154077038,5.36941240721303e-05
3,-80.5314328582145,37.2012956478239,4.16983682998083e-05
3,-80.5314328582145,37.201775887944,3.15880664001699e-05
3,-80.5314328582145,37.202256128064,2.33421555142533e-05
3,-80.5314328582145,37.2027363681841,1.68257581185299e-05
3,-80.5314328582145,37.2032166083041,1.18311100523202e-05
3,-80.5314328582145,37.2036968484242,8.11511128751591e-06
3,-80.5314328582145,37.2041770885443,5.42977854150645e-06
3,-80.5314328582145,37.2046573286643,3.54395724648321e-06
3,-80.5314328582145,37.2051375687844,2.25638482548827e-06
3,-80.5314328582145,37.2056178089044,1.4013782602306e-06
3,-80.5314328582145,37.2060980490245,8.49011974632175e-07
3,-80.5314328582145,37.2065782891446,5.01749300493564e-07
3,-80.5314328582145,37.2070585292646,2.89249163820654e-07
3,-80.5314328582145,37.2075387693847,1.62646477440171e-07
3,-80.5314328582145,37.2080190095048,6.60306277126134e-08
3,-80.5314328582145,37.2084992496248,2.6140483570831e-08
3,-80.5314328582145,37.2089794897449,1.39612440304325e-08
3,-80.5314328582145,37.2094597298649,0
3,-80.5314328582145,37.209939969985,0
3,-80.5314328582145,37.210420210105,0
3,-80.5314328582145,37.2109004502251,0
3,-80.5314328582145,37.2113806903452,0
3,-80.5314328582145,37.2118609304652,0
3,-80.5314328582145,37.2123411705853,0
3,-80.5314328582145,37.2128214107054,0
3,-80.5314328582145,37.2133016508254,0
3,-80.5314328582145,37.2137818909455,0
3,-80.5314328582145,37.2142621310655,0
3,-80.5314328582145,37.2147423711856,0
3,-80.5309527381845,37.1806453226613,0
3,-80.5309527381845,37.1811255627814,0
3,-80.5309527381845,37.1816058029015,0
3,-80.5309527381845,37.1820860430215,0
3,-80.5309527381845,37.1825662831416,0
3,-80.5309527381845,37.1830465232616,0
3,-80.5309527381845,37.1835267633817,0
3,-80.5309527381845,37.1840070035017,3.28122289754753e-08
3,-80.5309527381845,37.1844872436218,7.54496696715164e-08
3,-80.5309527381845,37.1849674837419,1.4817823340837e-07
3,-80.5309527381845,37.1854477238619,2.62979217778736e-07
3,-80.5309527381845,37.185927963982,4.55085221622485e-07
3,-80.5309527381845,37.1864082041021,7.6789825422088e-07
3,-80.5309527381845,37.1868884442221,1.26345495149669e-06
3,-80.5309527381845,37.1873686843422,2.02705995210338e-06
3,-80.5309527381845,37.1878489244622,3.1712458635139e-06
3,-80.5309527381845,37.1883291645823,4.83788539244612e-06
3,-80.5309527381845,37.1888094047023,7.19696749545526e-06
3,-80.5309527381845,37.1892896448224,1.04404176060685e-05
3,-80.5309527381845,37.1897698849425,1.47695312952629e-05
3,-80.5309527381845,37.1902501250625,2.03752196492455e-05
3,-80.5309527381845,37.1907303651826,2.74113814684319e-05
3,-80.5309527381845,37.1912106053027,3.59632502710907e-05
3,-80.5309527381845,37.1916908454227,4.6014289741568e-05
3,-80.5309527381845,37.1921710855428,5.74167620779427e-05
3,-80.5309527381845,37.1926513256628,6.98720165698841e-05
3,-80.5309527381845,37.1931315657829,8.29264109428095e-05
3,-80.5309527381845,37.1936118059029,9.59873162930644e-05
3,-80.5309527381845,37.194092046023,0.000108360884815651
3,-80.5309527381845,37.1945722861431,0.000119309548569928
3,-80.5309527381845,37.1950525262631,0.000128123262433724
3,-80.5309527381845,37.1955327663832,0.000134195188345921
3,-80.5309527381845,37.1960130065033,0.000137090693094054
3,-80.5309527381845,37.1964932466233,0.00013659877720179
3,-80.5309527381845,37.1969734867434,0.000132757484336904
3,-80.5309527381845,37.1974537268634,0.000125849043474879
3,-80.5309527381845,37.1979339669835,0.00011636560421002
3,-80.5309527381845,37.1984142071035,0.000104951339628919
3,-80.5309527381845,37.1988944472236,9.23303646261187e-05
3,-80.5309527381845,37.1993746873437,7.92316270192422e-05
3,-80.5309527381845,37.1998549274637,6.63214452672857e-05
3,-80.5309527381845,37.2003351675838,5.41519810306064e-05
3,-80.5309527381845,37.2008154077038,4.31303402074792e-05
3,-80.5309527381845,37.2012956478239,3.3509072615197e-05
3,-80.5309527381845,37.201775887944,2.53954167469257e-05
3,-80.5309527381845,37.202256128064,1.87742975093699e-05
3,-80.5309527381845,37.2027363681841,1.35390764754984e-05
3,-80.5309527381845,37.2032166083041,9.52428806677202e-06
3,-80.5309527381845,37.2036968484242,6.53574103635532e-06
3,-80.5309527381845,37.2041770885443,4.37498159638602e-06
3,-80.5309527381845,37.2046573286643,2.85677807014667e-06
3,-80.5309527381845,37.2051375687844,1.81967991419258e-06
3,-80.5309527381845,37.2056178089044,1.13065634229839e-06
3,-80.5309527381845,37.2060980490245,6.85301725643673e-07
3,-80.5309527381845,37.2065782891446,4.05178721408817e-07
3,-80.5309527381845,37.2070585292646,2.33680586034858e-07
3,-80.5309527381845,37.2075387693847,1.31464054092051e-07
3,-80.5309527381845,37.2080190095048,5.39088387833693e-08
3,-80.5309527381845,37.2084992496248,2.14362884374478e-08
3,-80.5309527381845,37.2089794897449,1.14488032775299e-08
3,-80.5309527381845,37.2094597298649,0
3,-80.5309527381845,37.209939969985,0
3,-80.5309527381845,37.210420210105,0
3,-80.5309527381845,37.2109004502251,0
3,-80.5309527381845,37.2113806903452,0
3,-80.5309527381845,37.2118609304652,0
3,-80.5309527381845,37.2123411705853,0
3,-80.5309527381845,37.2128214107054,0
3,-80.5309527381845,37.2133016508254,0
3,-80.5309527381845,37.2137818909455,0
3,-80.5309527381845,37.2142621310655,0
3,-80.5309527381845,37.2147423711856,0
3,-80.5304726181545,37.1806453226613,0
3,-80.5304726181545,37.1811255627814,0
3,-80.5304726181545,37.1816058029015,0
3,-80.5304726181545,37.1820860430215,0
3,-80.5304726181545,37.1825662831416,0
3,-80.5304726181545,37.1830465232616,0
3,-80.5304726181545,37.1835267633817,0
3,-80.5304726181545,37.1840070035017,2.54145214636249e-08
3,-80.5304726181545,37.1844872436218,5.86398463432668e-08
3,-80.5304726181545,37.1849674837419,1.15419429924591e-07
3,-80.5304726181545,37.1854477238619,2.04867966927543e-07
3,-80.5304726181545,37.185927963982,3.54573461742197e-07
3,-80.5304726181545,37.1864082041021,5.98385240433295e-07
3,-80.5304726181545,37.1868884442221,9.84699147441318e-07
3,-80.5304726181545,37.1873686843422,1.58008331721445e-06
3,-80.5304726181545,37.1878489244622,2.47238421597515e-06
3,-80.5304726181545,37.1883291645823,3.77239716321892e-06
3,-80.5304726181545,37.1888094047023,5.61293945152083e-06
3,-80.5304726181545,37.1892896448224,8.14405931897403e-06
3,-80.5304726181545,37.1897698849425,1.15232591606945e-05
3,-80.5304726181545,37.1902501250625,1.59000994510237e-05
3,-80.5304726181545,37.1907303651826,2.1395419332342e-05
3,-80.5304726181545,37.1912106053027,2.80766056470691e-05
3,-80.5304726181545,37.1916908454227,3.59316910629055e-05
3,-80.5304726181545,37.1921710855428,4.484627755513e-05
3,-80.5304726181545,37.1926513256628,5.45880100736833e-05
3,-80.5304726181545,37.1931315657829,6.48032301559357e-05
3,-80.5304726181545,37.1936118059029,7.50293082068153e-05
3,-80.5304726181545,37.194092046023,8.47239965965341e-05
3,-80.5304726181545,37.1945722861431,9.33102501264124e-05
3,-80.5304726181545,37.1950525262631,0.000100231866667651
3,-80.5304726181545,37.1955327663832,0.000105012698313379
3,-80.5304726181545,37.1960130065033,0.00010731073959728
3,-80.5304726181545,37.1964932466233,0.000106958570242521
3,-80.5304726181545,37.1969734867434,0.000103983511440254
3,-80.5304726181545,37.1974537268634,9.86041269663134e-05
3,-80.5304726181545,37.1979339669835,9.12036905387959e-05
3,-80.5304726181545,37.1984142071035,8.22850903420065e-05
3,-80.5304726181545,37.1988944472236,7.2414530745991e-05
3,-80.5304726181545,37.1993746873437,6.21627501172241e-05
3,-80.5304726181545,37.1998549274637,5.20521176988906e-05
3,-80.5304726181545,37.2003351675838,4.25161242290541e-05
3,-80.5304726181545,37.2008154077038,3.38749786516035e-05
3,-80.5304726181545,37.2012956478239,2.63279542270685e-05
3,-80.5304726181545,37.201775887944,1.99604409893749e-05
3,-80.5304726181545,37.202256128064,1.47618188956857e-05
3,-80.5304726181545,37.2027363681841,1.0649462600126e-05
3,-80.5304726181545,37.2032166083041,7.49435920333143e-06
3,-80.5304726181545,37.2036968484242,5.14470853015034e-06
3,-80.5304726181545,37.2041770885443,3.44513716346312e-06
3,-80.5304726181545,37.2046573286643,2.25045997569733e-06
3,-80.5304726181545,37.2051375687844,1.43401671688251e-06
3,-80.5304726181545,37.2056178089044,8.91361647461815e-07
3,-80.5304726181545,37.2060980490245,5.40466409225972e-07
3,-80.5304726181545,37.2065782891446,3.19665890350826e-07
3,-80.5304726181545,37.2070585292646,1.84431071844627e-07
3,-80.5304726181545,37.2075387693847,1.03795626144256e-07
3,-80.5304726181545,37.2080190095048,4.29201924311763e-08
3,-80.5304726181545,37.2084992496248,1.71343497727591e-08
3,-80.5304726181545,37.2089794897449,9.15120173014726e-09
3,-80.5304726181545,37.2094597298649,0
3,-80.5304726181545,37.209939969985,0
3,-80.5304726181545,37.210420210105,0
3,-80.5304726181545,37.2109004502251,0
3,-80.5304726181545,37.2113806903452,0
3,-80.5304726181545,37.2118609304652,0
3,-80.5304726181545,37.2123411705853,0
3,-80.5304726181545,37.2128214107054,0
3,-80.5304726181545,37.2133016508254,0
3,-80.5304726181545,37.2137818909455,0
3,-80.5304726181545,37.2142621310655,0
3,-80.5304726181545,37.2147423711856,0
3,-80.5299924981245,37.1806453226613,0
3,-80.5299924981245,37.1811255627814,0
3,-80.5299924981245,37.1816058029015,0
3,-80.5299924981245,37.1820860430215,0
3,-80.5299924981245,37.1825662831416,0
3,-80.5299924981245,37.1830465232616,0
3,-80.5299924981245,37.1835267633817,0
3,-80.5299924981245,37.1840070035017,1.92837602820243e-08
3,-80.5299924981245,37.1844872436218,4.46134946072263e-08
3,-80.5299924981245,37.1849674837419,8.7979532524686e-08
3,-80.5299924981245,37.1854477238619,1.56179447213807e-07
3,-80.5299924981245,37.185927963982,2.7033702034846e-07
3,-80.5299924981245,37.1864082041021,4.56280683747745e-07
3,-80.5299924981245,37.1868884442221,7.50946853893249e-07
3,-80.5299924981245,37.1873686843422,1.20515425609842e-06
3,-80.5299924981245,37.1878489244622,1.88598515938364e-06
3,-80.5299924981245,37.1883291645823,2.87807485272228e-06
3,-80.5299924981245,37.1888094047023,4.28292201930842e-06
3,-80.5299924981245,37.1892896448224,6.21525133286897e-06
3,-80.5299924981245,37.1897698849425,8.79556874090294e-06
3,-80.5299924981245,37.1902501250625,1.21384207689754e-05
3,-80.5299924981245,37.1907303651826,1.63365316237713e-05
3,-80.5299924981245,37.1912106053027,2.14419044907676e-05
3,-80.5299924981245,37.1916908454227,2.74460045478351e-05
3,-80.5299924981245,37.1921710855428,3.42620726480275e-05
3,-80.5299924981245,37.1926513256628,4.17131801592664e-05
3,-80.5299924981245,37.1931315657829,4.95295693632866e-05
3,-80.5299924981245,37.1936118059029,5.73579665888327e-05
3,-80.5299924981245,37.194092046023,6.47839130406402e-05
3,-80.5299924981245,37.1945722861431,7.1365948070238e-05
3,-80.5299924981245,37.1950525262631,7.66781132613584e-05
3,-80.5299924981245,37.1955327663832,8.0355249591726e-05
3,-80.5299924981245,37.1960130065033,8.2134445086119e-05
3,-80.5299924981245,37.1964932466233,8.18861076251127e-05
3,-80.5299924981245,37.1969734867434,7.962956341368e-05
3,-80.5299924981245,37.1974537268634,7.55305747752381e-05
3,-80.5299924981245,37.1979339669835,6.98812193070982e-05
3,-80.5299924981245,37.1984142071035,6.30655205546277e-05
3,-80.5299924981245,37.1988944472236,5.55164403031784e-05
3,-80.5299924981245,37.1993746873437,4.76708959680115e-05
3,-80.5299924981245,37.1998549274637,3.99292087526196e-05
3,-80.5299924981245,37.2003351675838,3.26239859547816e-05
3,-80.5299924981245,37.2008154077038,2.60013034589522e-05
3,-80.5299924981245,37.2012956478239,2.02147069495718e-05
3,-80.5299924981245,37.201775887944,1.53304902683104e-05
3,-80.5299924981245,37.202256128064,1.1341291294078e-05
3,-80.5299924981245,37.2027363681841,8.18442169670131e-06
3,-80.5299924981245,37.2032166083041,5.76146913783918e-06
3,-80.5299924981245,37.2036968484242,3.95638454752732e-06
3,-80.5299924981245,37.2041770885443,2.65023009815862e-06
3,-80.5299924981245,37.2046573286643,1.73176059644065e-06
3,-80.5299924981245,37.2051375687844,1.10385040430415e-06
3,-80.5299924981245,37.2056178089044,6.86355545824411e-07
3,-80.5299924981245,37.2060980490245,4.16296402591866e-07
3,-80.5299924981245,37.2065782891446,2.46302234604798e-07
3,-80.5299924981245,37.2070585292646,1.42148870520887e-07
3,-80.5299924981245,37.2075387693847,8.0024805115572e-08
3,-80.5299924981245,37.2080190095048,3.33197274915587e-08
3,-80.5299924981245,37.2084992496248,1.33495837861342e-08
3,-80.5299924981245,37.2089794897449,7.12981442894555e-09
3,-80.5299924981245,37.2094597298649,0
3,-80.5299924981245,37.209939969985,0
3,-80.5299924981245,37.210420210105,0
3,-80.5299924981245,37.2109004502251,0
3,-80.5299924981245,37.2113806903452,0
3,-80.5299924981245,37.2118609304652,0
3,-80.5299924981245,37.2123411705853,0
3,-80.5299924981245,37.2128214107054,0
3,-80.5299924981245,37.2133016508254,0
3,-80.5299924981245,37.2137818909455,0
3,-80.5299924981245,37.2142621310655,0
3,-80.5299924981245,37.2147423711856,0
3,-80.5295123780945,37.1806453226613,0
3,-80.5295123780945,37.1811255627814,0
3,-80.5295123780945,37.1816058029015,0
3,-80.5295123780945,37.1820860430215,0
3,-80.5295123780945,37.1825662831416,0
3,-80.5295123780945,37.1830465232616,0
3,-80.5295123780945,37.1835267633817,0
3,-80.5295123780945,37.1840070035017,1.43276716883623e-08
3,-80.5295123780945,37.1844872436218,3.32118793598267e-08
3,-80.5295123780945,37.1849674837419,6.56015601484666e-08
3,-80.5295123780945,37.1854477238619,1.16464283931335e-07
3,-80.5295123780945,37.185927963982,2.01610332206816e-07
3,-80.5295123780945,37.1864082041021,3.40313998845495e-07
3,-80.5295123780945,37.1868884442221,5.60143818537795e-07
3,-80.5295123780945,37.1873686843422,8.99037499595405e-07
3,-80.5295123780945,37.1878489244622,1.40708562905892e-06
3,-80.5295123780945,37.1883291645823,2.1475028641939e-06
3,-80.5295123780945,37.1888094047023,3.1961239938983e-06
3,-80.5295123780945,37.1892896448224,4.63870076705794e-06
3,-80.5295123780945,37.1897698849425,6.56535585708509e-06
3,-80.5295123780945,37.1902501250625,9.06182612870389e-06
3,-80.5295123780945,37.1907303651826,1.21976210738032e-05
3,-80.5295123780945,37.1912106053027,1.6011903369024e-05
3,-80.5295123780945,37.1916908454227,2.04986690681369e-05
3,-80.5295123780945,37.1921710855428,2.55935023230931e-05
3,-80.5295123780945,37.1926513256628,3.11646019586445e-05
3,-80.5295123780945,37.1931315657829,3.70107318544367e-05
3,-80.5295123780945,37.1936118059029,4.28681109868199e-05
3,-80.5295123780945,37.194092046023,4.84270356379231e-05
3,-80.5295123780945,37.1945722861431,5.33573766012981e-05
3,-80.5295123780945,37.1950525262631,5.73403249721168e-05
3,-80.5295123780945,37.1955327663832,6.01022643207692e-05
3,-80.5295123780945,37.1960130065033,6.14458070764397e-05
3,-80.5295123780945,37.1964932466233,6.127311233243e-05
3,-80.5295123780945,37.1969734867434,5.95976601326345e-05
3,-80.5295123780945,37.1974537268634,5.65425153037933e-05
3,-80.5295123780945,37.1979339669835,5.23253908127933e-05
3,-80.5295123780945,37.1984142071035,4.7233027074019e-05
3,-80.5295123780945,37.1988944472236,4.15890696236065e-05
3,-80.5295123780945,37.1993746873437,3.57204237992299e-05
3,-80.5295123780945,37.1998549274637,2.99268812378167e-05
3,-80.5295123780945,37.2003351675838,2.44577716694494e-05
3,-80.5295123780945,37.2008154077038,1.94977992808719e-05
3,-80.5295123780945,37.2012956478239,1.51624677797815e-05
3,-80.5295123780945,37.201775887944,1.15019547148679e-05
3,-80.5295123780945,37.202256128064,8.51123001100307e-06
3,-80.5295123780945,37.2027363681841,6.14374120548661e-06
3,-80.5295123780945,37.2032166083041,4.32607418705279e-06
3,-80.5295123780945,37.2036968484242,2.97149888406428e-06
3,-80.5295123780945,37.2041770885443,1.99102805853619e-06
3,-80.5295123780945,37.2046573286643,1.30136336255723e-06
3,-80.5295123780945,37.2051375687844,8.29732103312632e-07
3,-80.5295123780945,37.2056178089044,5.16052190578718e-07
3,-80.5295123780945,37.2060980490245,3.13085985885115e-07
3,-80.5295123780945,37.2065782891446,1.85287163748751e-07
3,-80.5295123780945,37.2070585292646,1.06963538583006e-07
3,-80.5295123780945,37.2075387693847,6.02325901325828e-08
3,-80.5295123780945,37.2080190095048,2.52198431021792e-08
3,-80.5295123780945,37.2084992496248,1.01379439090494e-08
3,-80.5295123780945,37.2089794897449,5.41452527064233e-09
3,-80.5295123780945,37.2094597298649,0
3,-80.5295123780945,37.209939969985,0
3,-80.5295123780945,37.210420210105,0
3,-80.5295123780945,37.2109004502251,0
3,-80.5295123780945,37.2113806903452,0
3,-80.5295123780945,37.2118609304652,0
3,-80.5295123780945,37.2123411705853,0
3,-80.5295123780945,37.2128214107054,0
3,-80.5295123780945,37.2133016508254,0
3,-80.5295123780945,37.2137818909455,0
3,-80.5295123780945,37.2142621310655,0
3,-80.5295123780945,37.2147423711856,0
3,-80.5290322580645,37.1806453226613,0
3,-80.5290322580645,37.1811255627814,0
3,-80.5290322580645,37.1816058029015,0
3,-80.5290322580645,37.1820860430215,0
3,-80.5290322580645,37.1825662831416,0
3,-80.5290322580645,37.1830465232616,0
3,-80.5290322580645,37.1835267633817,0
3,-80.5290322580645,37.1840070035017,1.0419783002017e-08
3,-80.5290322580645,37.1844872436218,2.4183019173472e-08
3,-80.5290322580645,37.1849674837419,4.78320538304026e-08
3,-80.5290322580645,37.1854477238619,8.49226739921815e-08
3,-80.5290322580645,37.185927963982,1.47018307660988e-07
3,-80.5290322580645,37.1864082041021,2.48180660012069e-07
3,-80.5290322580645,37.1868884442221,4.08525306243103e-07
3,-80.5290322580645,37.1873686843422,6.55738046013765e-07
3,-80.5290322580645,37.1878489244622,1.02637999319465e-06
3,-80.5290322580645,37.1883291645823,1.56660116330749e-06
3,-80.5290322580645,37.1888094047023,2.33177891667724e-06
3,-80.5290322580645,37.1892896448224,3.38455231104868e-06
3,-80.5290322580645,37.1897698849425,4.79078156945689e-06
3,-80.5290322580645,37.1902501250625,6.61316251655243e-06
3,-80.5290322580645,37.1907303651826,8.9025856251058e-06
3,-80.5290322580645,37.1912106053027,1.16878261948076e-05
3,-80.5290322580645,37.1916908454227,1.49647149307039e-05
3,-80.5290322580645,37.1921710855428,1.86864482468217e-05
3,-80.5290322580645,37.1926513256628,2.27570077290168e-05
3,-80.5290322580645,37.1931315657829,2.70296273654771e-05
3,-80.5290322580645,37.1936118059029,3.13117852020705e-05
3,-80.5290322580645,37.194092046023,3.53773049095105e-05
3,-80.5290322580645,37.1945722861431,3.89849491533484e-05
3,-80.5290322580645,37.1950525262631,4.19015940875639e-05
3,-80.5290322580645,37.1955327663832,4.39269795415437e-05
3,-80.5290322580645,37.1960130065033,4.491641205859e-05
3,-80.5290322580645,37.1964932466233,4.47978511227948e-05
3,-80.5290322580645,37.1969734867434,4.35805769728206e-05
3,-80.5290322580645,37.1974537268634,4.13539922960724e-05
3,-80.5290322580645,37.1979339669835,3.82767722556391e-05
3,-80.5290322580645,37.1984142071035,3.45581906025918e-05
3,-80.5290322580645,37.1988944472236,3.04346704184986e-05
3,-80.5290322580645,37.1993746873437,2.61451948190221e-05
3,-80.5290322580645,37.1998549274637,2.19090839054192e-05
3,-80.5290322580645,37.2003351675838,1.79088876630331e-05
3,-80.5290322580645,37.2008154077038,1.42799820595579e-05
3,-80.5290322580645,37.2012956478239,1.11071733252361e-05
3,-80.5290322580645,37.201775887944,8.42748573477834e-06
3,-80.5290322580645,37.202256128064,6.23752652171661e-06
3,-80.5290322580645,37.2027363681841,4.50347286781549e-06
3,-80.5290322580645,37.2032166083041,3.17178595965032e-06
3,-80.5290322580645,37.2036968484242,2.17912088826461e-06
3,-80.5290322580645,37.2041770885443,1.46042547694045e-06
3,-80.5290322580645,37.2046573286643,9.54766435831407e-07
3,-80.5290322580645,37.2051375687844,6.08882008493774e-07
3,-80.5290322580645,37.2056178089044,3.78778693220944e-07
3,-80.5290322580645,37.2060980490245,2.29853994260462e-07
3,-80.5290322580645,37.2065782891446,1.36059845216354e-07
3,-80.5290322580645,37.2070585292646,7.85626593869707e-08
3,-80.5290322580645,37.2075387693847,4.42493765512364e-08
3,-80.5290322580645,37.2080190095048,1.86104419459323e-08
3,-80.5290322580645,37.2084992496248,7.50436767189735e-09
3,-80.5290322580645,37.2089794897449,4.00797131688704e-09
3,-80.5290322580645,37.2094597298649,0
3,-80.5290322580645,37.209939969985,0
3,-80.5290322580645,37.210420210105,0
3,-80.5290322580645,37.2109004502251,0
3,-80.5290322580645,37.2113806903452,0
3,-80.5290322580645,37.2118609304652,0
3,-80.5290322580645,37.2123411705853,0
3,-80.5290322580645,37.2128214107054,0
3,-80.5290322580645,37.2133016508254,0
3,-80.5290322580645,37.2137818909455,0
3,-80.5290322580645,37.2142621310655,0
3,-80.5290322580645,37.2147423711856,0
3,-80.5285521380345,37.1806453226613,0
3,-80.5285521380345,37.1811255627814,0
3,-80.5285521380345,37.1816058029015,0
3,-80.5285521380345,37.1820860430215,0
3,-80.5285521380345,37.1825662831416,0
3,-80.5285521380345,37.1830465232616,0
3,-80.5285521380345,37.1835267633817,0
3,-80.5285521380345,37.1840070035017,7.40537284642425e-09
3,-80.5285521380345,37.1844872436218,1.72008096322789e-08
3,-80.5285521380345,37.1849674837419,3.40622952819672e-08
3,-80.5285521380345,37.1854477238619,6.04783772484684e-08
3,-80.5285521380345,37.185927963982,1.0470584749199e-07
3,-80.5285521380345,37.1864082041021,1.76763263195019e-07
3,-80.5285521380345,37.1868884442221,2.90984032568169e-07
3,-80.5285521380345,37.1873686843422,4.67098319754039e-07
3,-80.5285521380345,37.1878489244622,7.31165157732959e-07
3,-80.5285521380345,37.1883291645823,1.11608390731368e-06
3,-80.5285521380345,37.1888094047023,1.66134035056135e-06
3,-80.5285521380345,37.1892896448224,2.41161016001739e-06
3,-80.5285521380345,37.1897698849425,3.41388357909491e-06
3,-80.5285521380345,37.1902501250625,4.71291776125984e-06
3,-80.5285521380345,37.1907303651826,6.34507930974373e-06
3,-80.5285521380345,37.1912106053027,8.33099355722535e-06
3,-80.5285521380345,37.1916908454227,1.06678184042205e-05
3,-80.5285521380345,37.1921710855428,1.33223247026821e-05
3,-80.5285521380345,37.1926513256628,1.62261872744837e-05
3,-80.5285521380345,37.1931315657829,1.92748700748755e-05
3,-80.5285521380345,37.1936118059029,2.23311611838117e-05
3,-80.5285521380345,37.194092046023,2.52337792042536e-05
3,-80.5285521380345,37.1945722861431,2.78106151103393e-05
3,-80.5285521380345,37.1950525262631,2.98952515999258e-05
3,-80.5285521380345,37.1955327663832,3.1344619929443e-05
3,-80.5285521380345,37.1960130065033,3.2055211528743e-05
3,-80.5285521380345,37.1964932466233,3.19752966886265e-05
3,-80.5285521380345,37.1969734867434,3.11111475548372e-05
3,-80.5285521380345,37.1974537268634,2.95262262406909e-05
3,-80.5285521380345,37.1979339669835,2.73334836854732e-05
3,-80.5285521380345,37.1984142071035,2.46820664532041e-05
3,-80.5285521380345,37.1988944472236,2.17406016883193e-05
3,-80.5285521380345,37.1993746873437,1.86796521083368e-05
3,-80.5285521380345,37.1998549274637,1.56558440855491e-05
3,-80.5285521380345,37.2003351675838,1.27996347657518e-05
3,-80.5285521380345,37.2008154077038,1.02078563810181e-05
3,-80.5285521380345,37.2012956478239,7.94126127474854e-06
3,-80.5285521380345,37.201775887944,6.02648417164983e-06
3,-80.5285521380345,37.202256128064,4.46127869172353e-06
3,-80.5285521380345,37.2027363681841,3.22163423269597e-06
3,-80.5285521380345,37.2032166083041,2.2694203262431e-06
3,-80.5285521380345,37.2036968484242,1.55946384199764e-06
3,-80.5285521380345,37.2041770885443,1.04533792902516e-06
3,-80.5285521380345,37.2046573286643,6.83530739946926e-07
3,-80.5285521380345,37.2051375687844,4.35991274249804e-07
3,-80.5285521380345,37.2056178089044,2.71277621307956e-07
3,-80.5285521380345,37.2060980490245,1.64650915653101e-07
3,-80.5285521380345,37.2065782891446,9.7482241876566e-08
3,-80.5285521380345,37.2070585292646,5.62982381895928e-08
3,-80.5285521380345,37.2075387693847,3.17152697558784e-08
3,-80.5285521380345,37.2080190095048,1.33882392568331e-08
3,-80.5285521380345,37.2084992496248,5.41452527064233e-09
3,-80.5285521380345,37.2089794897449,2.89181752921865e-09
3,-80.5285521380345,37.2094597298649,0
3,-80.5285521380345,37.209939969985,0
3,-80.5285521380345,37.210420210105,0
3,-80.5285521380345,37.2109004502251,0
3,-80.5285521380345,37.2113806903452,0
3,-80.5285521380345,37.2118609304652,0
3,-80.5285521380345,37.2123411705853,0
3,-80.5285521380345,37.2128214107054,0
3,-80.5285521380345,37.2133016508254,0
3,-80.5285521380345,37.2137818909455,0
3,-80.5285521380345,37.2142621310655,0
3,-80.5285521380345,37.2147423711856,0
3,-80.5280720180045,37.1806453226613,0
3,-80.5280720180045,37.1811255627814,0
3,-80.5280720180045,37.1816058029015,0
3,-80.5280720180045,37.1820860430215,0
3,-80.5280720180045,37.1825662831416,0
3,-80.5280720180045,37.1830465232616,0
3,-80.5280720180045,37.1835267633817,0
3,-80.5280720180045,37.1840070035017,5.14413083732141e-09
3,-80.5280720180045,37.1844872436218,1.1944376196512e-08
3,-80.5280720180045,37.1849674837419,2.36775985791688e-08
3,-80.5280720180045,37.1854477238619,4.2040512641407e-08
3,-80.5280720180045,37.185927963982,7.27854051293763e-08
3,-80.5280720180045,37.1864082041021,1.22877479890195e-07
3,-80.5280720180045,37.1868884442221,2.0228228260565e-07
3,-80.5280720180045,37.1873686843422,3.24718429761156e-07
3,-80.5280720180045,37.1878489244622,5.08306506794691e-07
3,-80.5280720180045,37.1883291645823,7.75925877929521e-07
3,-80.5280720180045,37.1888094047023,1.15503974780331e-06
3,-80.5280720180045,37.1892896448224,1.67672608202962e-06
3,-80.5280720180045,37.1897698849425,2.37368041480711e-06
3,-80.5280720180045,37.1902501250625,3.27705554701113e-06
3,-80.5280720180045,37.1907303651826,4.41218102614928e-06
3,-80.5280720180045,37.1912106053027,5.79345132951741e-06
3,-80.5280720180045,37.1916908454227,7.41895071759934e-06
3,-80.5280720180045,37.1921710855428,9.2656361680365e-06
3,-80.5280720180045,37.1926513256628,1.12860546897788e-05
3,-80.5280720180045,37.1931315657829,1.34075576514499e-05
3,-80.5280720180045,37.1936118059029,1.55347475293345e-05
3,-80.5280720180045,37.194092046023,1.75554521842218e-05
3,-80.5280720180045,37.1945722861431,1.93499258105246e-05
3,-80.5280720180045,37.1950525262631,2.0802334437778e-05
3,-80.5280720180045,37.1955327663832,2.18130393330874e-05
3,-80.5280720180045,37.1960130065033,2.2309882637418e-05
3,-80.5280720180045,37.1964932466233,2.22567024487081e-05
3,-80.5280720180045,37.1969734867434,2.16576821185757e-05
3,-80.5280720180045,37.1974537268634,2.0556807625654e-05
3,-80.5280720180045,37.1979339669835,1.90325305396727e-05
3,-80.5280720180045,37.1984142071035,1.71885354398693e-05
3,-80.5280720180045,37.1988944472236,1.51421190143654e-05
3,-80.5280720180045,37.1993746873437,1.30119829723626e-05
3,-80.5280720180045,37.1998549274637,1.09071828216966e-05
3,-80.5280720180045,37.2003351675838,8.91860236883706e-06
3,-80.5280720180045,37.2008154077038,7.11374879788304e-06
3,-80.5280720180045,37.2012956478239,5.53502704121667e-06
3,-80.5280720180045,37.201775887944,4.20109023027739e-06
3,-80.5280720180045,37.202256128064,3.11047277767945e-06
3,-80.5280720180045,37.2027363681841,2.24653696390422e-06
3,-80.5280720180045,37.2032166083041,1.58279137477982e-06
3,-80.5280720180045,37.2036968484242,1.08781848425026e-06
3,-80.5280720180045,37.2041770885443,7.29308196271374e-07
3,-80.5280720180045,37.2046573286643,4.76964927362412e-07
3,-80.5280720180045,37.2051375687844,3.04285195855023e-07
3,-80.5280720180045,37.2056178089044,1.89361690374427e-07
3,-80.5280720180045,37.2060980490245,1.14952335622522e-07
3,-80.5280720180045,37.2065782891446,6.80698663082248e-08
3,-80.5280720180045,37.2070585292646,3.93187815781456e-08
3,-80.5280720180045,37.2075387693847,2.21538652672527e-08
3,-80.5280720180045,37.2080190095048,9.38007901175233e-09
3,-80.5280720180045,37.2084992496248,3.80792799278132e-09
3,-80.5280720180045,37.2089794897449,2.03375778468221e-09
3,-80.5280720180045,37.2094597298649,0
3,-80.5280720180045,37.209939969985,0
3,-80.5280720180045,37.210420210105,0
3,-80.5280720180045,37.2109004502251,0
3,-80.5280720180045,37.2113806903452,0
3,-80.5280720180045,37.2118609304652,0
3,-80.5280720180045,37.2123411705853,0
3,-80.5280720180045,37.2128214107054,0
3,-80.5280720180045,37.2133016508254,0
3,-80.5280720180045,37.2137818909455,0
3,-80.5280720180045,37.2142621310655,0
3,-80.5280720180045,37.2147423711856,0
